# unix_time, cycles_done, cur_path, paths_total, pending_total, pending_favs, map_size, unique_crashes, unique_hangs, max_depth, execs_per_sec
1512165259, 0, 0, 1, 1, 1, 0.52%, 0, 0, 1, 68.97
1512165264, 0, 0, 8, 8, 1, 0.53%, 0, 0, 2, 76.35
1512165269, 0, 0, 10, 10, 1, 0.53%, 0, 0, 2, 76.25
1512165274, 0, 0, 12, 12, 1, 0.53%, 0, 0, 2, 76.24
1512165284, 0, 0, 13, 13, 1, 0.53%, 0, 0, 2, 73.46
1512165289, 0, 0, 14, 14, 1, 0.53%, 0, 0, 2, 72.91
1512165300, 0, 0, 15, 15, 1, 0.53%, 0, 0, 2, 72.57
1512165310, 0, 0, 16, 16, 1, 0.53%, 0, 0, 2, 72.39
1512165336, 0, 0, 17, 17, 1, 0.53%, 0, 0, 2, 72.11
1512165439, 0, 0, 20, 20, 1, 0.53%, 0, 0, 2, 71.35
1512165449, 0, 0, 21, 21, 1, 0.53%, 0, 0, 2, 70.91
1512165485, 0, 0, 23, 23, 1, 0.53%, 0, 0, 2, 70.90
1512165490, 0, 0, 29, 29, 1, 0.53%, 0, 0, 2, 71.12
1512165506, 0, 0, 31, 31, 1, 0.53%, 0, 0, 2, 71.81
1512165511, 0, 0, 32, 32, 1, 0.53%, 0, 0, 2, 71.53
1512165526, 0, 0, 33, 33, 1, 0.53%, 0, 0, 2, 71.67
1512165583, 0, 0, 36, 36, 1, 0.53%, 2, 0, 2, 92.66
1512165588, 0, 0, 39, 39, 1, 0.53%, 3, 0, 2, 96.48
1512165593, 0, 0, 41, 41, 1, 0.53%, 5, 0, 2, 102.08
1512165603, 0, 0, 42, 42, 1, 0.53%, 5, 0, 2, 99.38
1512165624, 0, 0, 42, 42, 1, 0.53%, 6, 0, 2, 103.90
1512165649, 0, 0, 42, 42, 1, 0.53%, 7, 0, 2, 103.79
1512165654, 0, 0, 43, 43, 1, 0.53%, 7, 0, 2, 103.66
1512165689, 0, 0, 44, 44, 1, 0.53%, 7, 0, 2, 101.47
1512165740, 0, 4, 44, 43, 1, 0.53%, 7, 0, 2, 97.15
1512165930, 0, 4, 45, 44, 1, 0.53%, 7, 0, 3, 72.46
1512165987, 1, 4, 45, 43, 0, 0.53%, 7, 0, 3, 110.59
1512165992, 1, 10, 45, 43, 0, 0.53%, 7, 0, 3, 85.98
1512166208, 1, 10, 46, 44, 0, 0.53%, 7, 0, 3, 72.25
1512166249, 1, 10, 47, 45, 0, 0.53%, 7, 0, 3, 101.29
1512166254, 1, 10, 48, 46, 0, 0.53%, 7, 0, 3, 127.15
1512166259, 1, 10, 49, 47, 0, 0.53%, 7, 0, 3, 126.74
1512166275, 1, 10, 50, 48, 0, 0.53%, 7, 0, 3, 137.03
1512166290, 1, 10, 51, 49, 0, 0.53%, 7, 0, 3, 129.26
1512166295, 1, 10, 52, 50, 0, 0.53%, 7, 0, 3, 130.39
1512166320, 1, 10, 53, 51, 0, 0.53%, 7, 0, 3, 134.96
1512166356, 1, 10, 54, 52, 0, 0.53%, 7, 0, 3, 133.54
1512166361, 1, 10, 55, 53, 0, 0.53%, 7, 0, 3, 135.14
1512166377, 1, 49, 71, 68, 1, 0.53%, 7, 0, 4, 114.34
1512166382, 1, 49, 74, 71, 1, 0.53%, 7, 0, 4, 104.34
1512166392, 1, 49, 75, 72, 1, 0.53%, 7, 0, 4, 104.18
1512166677, 1, 58, 75, 71, 1, 0.53%, 7, 0, 4, 134.95
1512166977, 1, 58, 75, 71, 1, 0.53%, 8, 0, 4, 151.93
1512166987, 1, 59, 75, 70, 0, 0.53%, 8, 0, 4, 127.30
1512167330, 1, 63, 75, 69, 0, 0.53%, 8, 0, 4, 134.79
1512167637, 1, 65, 75, 68, 0, 0.53%, 8, 0, 4, 151.48
1512167974, 1, 67, 75, 67, 0, 0.53%, 8, 0, 4, 119.22
1512168276, 1, 68, 75, 66, 0, 0.53%, 8, 0, 4, 134.84
1512168576, 1, 72, 75, 65, 0, 0.53%, 8, 0, 4, 147.27
1512168877, 2, 0, 75, 64, 0, 0.53%, 8, 0, 4, 150.23
1512168882, 2, 1, 75, 64, 0, 0.53%, 8, 0, 4, 90.73
1512169129, 2, 3, 75, 63, 0, 0.53%, 8, 0, 4, 91.82
1512169380, 2, 7, 75, 62, 0, 0.53%, 8, 0, 4, 96.25
1512169735, 2, 22, 75, 61, 0, 0.53%, 8, 0, 4, 116.83
1512170101, 2, 24, 75, 60, 0, 0.53%, 8, 0, 4, 92.55
1512170379, 2, 29, 75, 59, 0, 0.53%, 8, 0, 4, 102.52
1512170662, 2, 32, 75, 58, 0, 0.53%, 8, 0, 4, 109.75
1512171012, 2, 34, 75, 57, 0, 0.53%, 8, 0, 4, 113.35
1512171367, 2, 35, 75, 56, 0, 0.53%, 8, 0, 4, 78.07
1512171758, 2, 36, 75, 55, 0, 0.53%, 8, 0, 4, 83.92
1512172170, 2, 48, 75, 54, 0, 0.53%, 8, 0, 4, 98.30
1512172551, 2, 55, 75, 53, 0, 0.53%, 8, 0, 4, 113.86
1512172920, 2, 57, 75, 52, 0, 0.53%, 8, 0, 4, 119.39
1512173277, 2, 62, 75, 51, 0, 0.53%, 8, 0, 4, 159.89
1512173635, 2, 66, 75, 50, 0, 0.53%, 8, 0, 4, 131.16
1512173982, 3, 8, 75, 49, 0, 0.53%, 8, 0, 4, 140.31
1512174337, 3, 12, 75, 48, 0, 0.53%, 8, 0, 4, 102.07
1512174656, 3, 14, 75, 47, 0, 0.53%, 8, 0, 4, 85.58
1512175046, 3, 15, 75, 46, 0, 0.53%, 8, 0, 4, 109.10
1512175345, 3, 18, 75, 45, 0, 0.53%, 8, 0, 4, 98.88
1512175638, 3, 20, 75, 44, 0, 0.53%, 8, 0, 4, 93.06
1512176029, 3, 21, 75, 43, 0, 0.53%, 8, 0, 4, 86.56
1512176415, 3, 26, 75, 42, 0, 0.53%, 8, 0, 4, 112.18
1512176754, 3, 27, 75, 41, 0, 0.53%, 8, 0, 4, 113.79
1512177052, 3, 33, 75, 40, 0, 0.53%, 8, 0, 4, 100.59
1512177449, 3, 36, 75, 39, 0, 0.53%, 8, 0, 4, 122.09
1512177454, 3, 43, 75, 39, 0, 0.53%, 8, 0, 4, 89.97
1512177742, 3, 46, 75, 38, 0, 0.53%, 8, 0, 4, 85.38
1512177995, 3, 46, 76, 39, 0, 0.53%, 8, 0, 4, 71.08
1512178134, 3, 75, 76, 38, 1, 0.53%, 8, 0, 4, 132.50
1512178547, 4, 11, 76, 37, 0, 0.53%, 8, 0, 4, 128.03
1512178851, 4, 14, 76, 36, 0, 0.53%, 8, 0, 4, 132.70
1512178856, 4, 41, 76, 36, 0, 0.53%, 8, 0, 4, 100.09
1512179278, 4, 44, 76, 35, 0, 0.53%, 8, 0, 4, 87.94
1512179571, 4, 45, 76, 34, 0, 0.53%, 8, 0, 4, 115.33
1512179900, 4, 53, 76, 33, 0, 0.53%, 8, 0, 4, 110.99
1512180230, 4, 55, 76, 32, 0, 0.53%, 8, 0, 4, 143.29
1512180235, 4, 58, 76, 32, 0, 0.53%, 8, 0, 4, 143.56
1512180240, 4, 64, 76, 32, 0, 0.53%, 8, 0, 4, 121.72
1512180593, 4, 74, 76, 31, 0, 0.53%, 8, 0, 4, 147.79
1512180988, 4, 75, 76, 30, 0, 0.53%, 8, 0, 4, 139.01
1512180998, 5, 1, 76, 30, 0, 0.53%, 8, 0, 4, 129.24
1512181003, 5, 6, 76, 30, 0, 0.53%, 8, 0, 4, 94.47
1512181301, 5, 17, 76, 29, 0, 0.53%, 8, 0, 4, 96.94
1512181692, 5, 28, 76, 28, 0, 0.53%, 8, 0, 4, 120.39
1512181990, 5, 38, 76, 27, 0, 0.53%, 8, 0, 4, 100.76
1512182268, 5, 40, 76, 26, 0, 0.53%, 8, 0, 4, 110.89
1512182687, 5, 47, 76, 25, 0, 0.53%, 8, 0, 4, 94.63
1512183082, 5, 58, 76, 24, 0, 0.53%, 8, 0, 4, 148.28
1512183087, 5, 61, 76, 24, 0, 0.53%, 8, 0, 4, 109.93
1512183456, 5, 75, 76, 23, 0, 0.53%, 8, 0, 4, 130.84
1512183466, 6, 2, 76, 23, 0, 0.53%, 8, 0, 4, 122.96
1512183863, 6, 9, 76, 22, 0, 0.53%, 8, 0, 4, 115.80
1512184224, 6, 13, 76, 21, 0, 0.53%, 8, 0, 4, 87.97
1512184586, 6, 23, 76, 20, 0, 0.53%, 8, 0, 4, 110.63
1512184976, 6, 28, 76, 19, 0, 0.53%, 8, 0, 4, 127.76
1512184982, 6, 44, 76, 19, 0, 0.53%, 8, 0, 4, 131.67
1512184987, 6, 50, 76, 19, 0, 0.53%, 8, 0, 4, 103.15
1512185306, 6, 54, 76, 18, 0, 0.53%, 8, 0, 4, 108.31
1512185660, 6, 58, 76, 17, 0, 0.53%, 8, 0, 4, 152.50
1512185665, 6, 69, 76, 17, 0, 0.53%, 8, 0, 4, 113.93
1512186018, 6, 70, 76, 16, 0, 0.53%, 8, 0, 4, 112.62
1512186407, 6, 75, 76, 15, 0, 0.53%, 8, 0, 4, 130.22
1512186412, 7, 5, 76, 15, 0, 0.53%, 8, 0, 4, 127.72
1512186736, 7, 13, 76, 14, 0, 0.53%, 8, 0, 4, 123.90
1512186741, 7, 37, 76, 14, 0, 0.53%, 8, 0, 4, 89.18
1512187137, 7, 39, 76, 13, 0, 0.53%, 8, 0, 4, 103.58
1512187544, 7, 58, 76, 12, 0, 0.53%, 8, 0, 4, 140.03
1512187549, 7, 73, 76, 12, 0, 0.53%, 8, 0, 4, 122.23
1512187916, 7, 75, 76, 11, 0, 0.53%, 8, 0, 4, 139.64
1512187921, 8, 16, 76, 11, 0, 0.53%, 8, 0, 4, 124.50
1512188219, 8, 19, 76, 10, 0, 0.53%, 8, 0, 4, 103.17
1512188517, 8, 30, 76, 9, 0, 0.53%, 8, 0, 4, 85.80
1512188815, 8, 52, 76, 8, 0, 0.53%, 8, 0, 4, 108.93
1512189173, 8, 58, 76, 7, 0, 0.53%, 8, 0, 4, 150.59
1512189178, 8, 59, 76, 7, 0, 0.53%, 8, 0, 4, 147.79
1512189184, 8, 61, 76, 7, 0, 0.53%, 8, 0, 4, 145.37
1512189189, 8, 75, 76, 7, 0, 0.53%, 8, 0, 4, 135.88
1512189194, 9, 9, 76, 7, 0, 0.53%, 8, 0, 4, 134.20
1512189199, 9, 31, 76, 7, 0, 0.53%, 8, 0, 4, 106.15
