# unix_time, cycles_done, cur_path, paths_total, pending_total, pending_favs, map_size, unique_crashes, unique_hangs, max_depth, execs_per_sec
1511231467, 0, 0, 1, 1, 1, 0.43%, 0, 0, 1, 28.17
1511231472, 0, 0, 13, 13, 1, 0.43%, 0, 0, 2, 28.63
1511231477, 0, 0, 16, 16, 1, 0.43%, 0, 0, 2, 28.63
1511231482, 0, 0, 17, 17, 1, 0.43%, 0, 0, 2, 28.67
1511231487, 0, 0, 18, 18, 1, 0.43%, 0, 0, 2, 28.66
1511231492, 0, 0, 20, 20, 1, 0.43%, 0, 0, 2, 28.66
1511231502, 0, 0, 21, 21, 1, 0.43%, 0, 0, 2, 28.69
1511231703, 0, 0, 21, 21, 1, 0.43%, 1, 0, 2, 31.35
1511231708, 0, 6, 21, 20, 3, 0.43%, 1, 0, 2, 40.01
1511231940, 0, 7, 21, 19, 2, 0.43%, 1, 0, 2, 39.63
1511232171, 0, 10, 21, 18, 1, 0.43%, 1, 0, 2, 40.31
1511232399, 0, 17, 21, 17, 0, 0.43%, 1, 0, 2, 47.46
1511232633, 1, 2, 21, 16, 0, 0.43%, 1, 0, 2, 36.30
1511232861, 1, 3, 21, 15, 0, 0.43%, 1, 0, 2, 50.03
1511232911, 1, 3, 22, 16, 0, 0.43%, 1, 0, 3, 28.75
1511233094, 1, 12, 22, 15, 1, 0.43%, 1, 0, 3, 46.99
1511233327, 1, 21, 22, 14, 1, 0.43%, 1, 0, 3, 39.28
1511233560, 2, 11, 22, 13, 0, 0.43%, 1, 0, 3, 62.66
1511233793, 2, 13, 22, 12, 0, 0.43%, 1, 0, 3, 44.51
1511234025, 2, 14, 22, 11, 0, 0.43%, 1, 0, 3, 44.81
1511234257, 2, 19, 22, 10, 0, 0.43%, 1, 0, 3, 41.11
1511234489, 3, 1, 22, 9, 0, 0.43%, 1, 0, 3, 47.94
1511234727, 3, 4, 22, 8, 0, 0.43%, 1, 0, 3, 39.25
1511234960, 3, 5, 22, 7, 0, 0.43%, 1, 0, 3, 53.01
1511235198, 3, 6, 22, 6, 0, 0.43%, 1, 0, 3, 56.58
1511235203, 3, 18, 22, 6, 0, 0.43%, 1, 0, 3, 47.70
1511235446, 3, 20, 22, 5, 0, 0.43%, 1, 0, 3, 36.18
1511235685, 3, 21, 22, 4, 0, 0.43%, 1, 0, 3, 61.82
1511235690, 4, 16, 22, 4, 0, 0.43%, 1, 0, 3, 58.72
1511235928, 4, 17, 22, 3, 0, 0.43%, 1, 0, 3, 57.00
1511235933, 4, 21, 22, 3, 0, 0.43%, 1, 0, 3, 55.75
1511235939, 5, 8, 22, 3, 0, 0.43%, 1, 0, 3, 41.97
1511236177, 5, 21, 22, 2, 0, 0.43%, 1, 0, 3, 57.68
1511236182, 6, 8, 22, 2, 0, 0.43%, 1, 0, 3, 57.36
1511236188, 6, 21, 22, 2, 0, 0.43%, 1, 0, 3, 58.11
1511236193, 7, 9, 22, 2, 0, 0.43%, 1, 0, 3, 49.28
1511236213, 7, 9, 23, 3, 0, 0.43%, 1, 0, 3, 28.83
1511236430, 7, 18, 23, 2, 0, 0.43%, 1, 0, 3, 55.43
1511236436, 7, 21, 23, 2, 0, 0.43%, 1, 0, 3, 56.83
1511236441, 7, 22, 23, 2, 0, 0.43%, 1, 0, 3, 43.27
1511236694, 8, 21, 23, 1, 0, 0.43%, 1, 0, 3, 55.74
1511236699, 9, 10, 23, 1, 0, 0.43%, 1, 0, 3, 57.07
1511236704, 9, 21, 23, 1, 0, 0.43%, 1, 0, 3, 59.93
1511236710, 10, 21, 23, 1, 0, 0.43%, 1, 0, 3, 60.54
1511236715, 11, 15, 23, 1, 0, 0.43%, 1, 0, 3, 53.07
1511236953, 11, 21, 23, 0, 0, 0.43%, 1, 0, 3, 53.61
1511236958, 11, 22, 23, 0, 0, 0.43%, 1, 0, 3, 60.34
1511236963, 12, 13, 23, 0, 0, 0.43%, 1, 0, 3, 59.51
1511236968, 12, 21, 23, 0, 0, 0.43%, 1, 0, 3, 57.55
1511236973, 13, 10, 23, 0, 0, 0.43%, 1, 0, 3, 60.59
1511236978, 13, 21, 23, 0, 0, 0.43%, 1, 0, 3, 63.18
1511236983, 14, 13, 23, 0, 0, 0.43%, 1, 0, 3, 61.37
1511236989, 14, 21, 23, 0, 0, 0.43%, 1, 0, 3, 56.32
1511236994, 15, 21, 23, 0, 0, 0.43%, 1, 0, 3, 54.99
1511236999, 16, 8, 23, 0, 0, 0.43%, 1, 0, 3, 58.71
1511237004, 16, 18, 23, 0, 0, 0.43%, 1, 0, 3, 59.67
1511237009, 16, 21, 23, 0, 0, 0.43%, 1, 0, 3, 55.82
1511237014, 17, 7, 23, 0, 0, 0.43%, 1, 0, 3, 60.76
1511237020, 17, 21, 23, 0, 0, 0.43%, 1, 0, 3, 58.41
1511237025, 18, 21, 23, 0, 0, 0.43%, 1, 0, 3, 55.38
1511237030, 19, 4, 23, 0, 0, 0.43%, 1, 0, 3, 61.10
1511237035, 19, 9, 23, 0, 0, 0.43%, 1, 0, 3, 59.34
1511237040, 19, 21, 23, 0, 0, 0.43%, 1, 0, 3, 61.65
1511237045, 20, 21, 23, 0, 0, 0.43%, 1, 0, 3, 55.96
1511237051, 21, 7, 23, 0, 0, 0.43%, 1, 0, 3, 60.38
1511237056, 21, 21, 23, 0, 0, 0.43%, 1, 0, 3, 61.58
1511237061, 22, 4, 23, 0, 0, 0.43%, 1, 0, 3, 61.15
1511237066, 23, 9, 23, 0, 0, 0.43%, 1, 0, 3, 61.00
1511237071, 23, 16, 23, 0, 0, 0.43%, 1, 0, 3, 58.42
1511237076, 23, 21, 23, 0, 0, 0.43%, 1, 0, 3, 59.31
1511237082, 24, 10, 23, 0, 0, 0.43%, 1, 0, 3, 57.56
1511237087, 24, 21, 23, 0, 0, 0.43%, 1, 0, 3, 58.70
1511237092, 25, 21, 23, 0, 0, 0.43%, 1, 0, 3, 63.22
1511237097, 26, 21, 23, 0, 0, 0.43%, 1, 0, 3, 61.86
1511237102, 27, 21, 23, 0, 0, 0.43%, 1, 0, 3, 61.17
1511237107, 28, 21, 23, 0, 0, 0.43%, 1, 0, 3, 65.94
1511237112, 29, 21, 23, 0, 0, 0.43%, 1, 0, 3, 59.84
1511237117, 30, 4, 23, 0, 0, 0.43%, 1, 0, 3, 63.47
1511237122, 30, 21, 23, 0, 0, 0.43%, 1, 0, 3, 57.26
1511237127, 31, 21, 23, 0, 0, 0.43%, 1, 0, 3, 60.46
1511237132, 32, 21, 23, 0, 0, 0.43%, 1, 0, 3, 59.27
1511237137, 33, 1, 23, 0, 0, 0.43%, 1, 0, 3, 68.76
1511237143, 33, 11, 23, 0, 0, 0.43%, 1, 0, 3, 60.05
1511237148, 33, 21, 23, 0, 0, 0.43%, 1, 0, 3, 58.34
1511237153, 34, 9, 23, 0, 0, 0.43%, 1, 0, 3, 57.25
1511237158, 35, 3, 23, 0, 0, 0.43%, 1, 0, 3, 65.33
1511237163, 35, 20, 23, 0, 0, 0.43%, 1, 0, 3, 58.36
1511237168, 35, 21, 23, 0, 0, 0.43%, 1, 0, 3, 55.97
1511237173, 36, 4, 23, 0, 0, 0.43%, 1, 0, 3, 61.32
1511237178, 36, 20, 23, 0, 0, 0.43%, 1, 0, 3, 57.64
1511237184, 36, 21, 23, 0, 0, 0.43%, 1, 0, 3, 60.57
1511237189, 37, 4, 23, 0, 0, 0.43%, 1, 0, 3, 61.58
1511237194, 37, 21, 23, 0, 0, 0.43%, 1, 0, 3, 58.36
1511237199, 38, 21, 23, 0, 0, 0.43%, 1, 0, 3, 61.27
1511237204, 39, 21, 23, 0, 0, 0.43%, 1, 0, 3, 60.78
1511237209, 40, 21, 23, 0, 0, 0.43%, 1, 0, 3, 58.03
1511237215, 41, 14, 23, 0, 0, 0.43%, 1, 0, 3, 60.57
1511237220, 41, 21, 23, 0, 0, 0.43%, 1, 0, 3, 57.94
1511237225, 42, 21, 23, 0, 0, 0.43%, 1, 0, 3, 57.40
1511237230, 43, 2, 23, 0, 0, 0.43%, 1, 0, 3, 60.57
1511237235, 43, 21, 23, 0, 0, 0.43%, 1, 0, 3, 58.68
1511237240, 44, 21, 23, 0, 0, 0.43%, 1, 0, 3, 61.60
1511237245, 45, 2, 23, 0, 0, 0.43%, 1, 0, 3, 68.24
1511237251, 46, 21, 23, 0, 0, 0.43%, 1, 0, 3, 58.70
1511237256, 47, 21, 23, 0, 0, 0.43%, 1, 0, 3, 56.34
1511237261, 48, 7, 23, 0, 0, 0.43%, 1, 0, 3, 57.10
1511237266, 48, 8, 23, 0, 0, 0.43%, 1, 0, 3, 55.04
1511237271, 48, 21, 23, 0, 0, 0.43%, 1, 0, 3, 60.73
1511237276, 49, 21, 23, 0, 0, 0.43%, 1, 0, 3, 62.30
1511237282, 50, 4, 23, 0, 0, 0.43%, 1, 0, 3, 58.48
1511237287, 50, 19, 23, 0, 0, 0.43%, 1, 0, 3, 57.12
1511237292, 50, 21, 23, 0, 0, 0.43%, 1, 0, 3, 56.77
1511237297, 51, 14, 23, 0, 0, 0.43%, 1, 0, 3, 61.03
1511237302, 51, 18, 23, 0, 0, 0.43%, 1, 0, 3, 61.79
1511237307, 51, 21, 23, 0, 0, 0.43%, 1, 0, 3, 64.03
1511237312, 52, 12, 23, 0, 0, 0.43%, 1, 0, 3, 60.33
1511237317, 52, 21, 23, 0, 0, 0.43%, 1, 0, 3, 60.75
1511237322, 53, 2, 23, 0, 0, 0.43%, 1, 0, 3, 66.11
1511237327, 53, 13, 23, 0, 0, 0.43%, 1, 0, 3, 62.07
1511237332, 53, 21, 23, 0, 0, 0.43%, 1, 0, 3, 64.95
1511237338, 54, 0, 23, 0, 0, 0.43%, 1, 0, 3, 55.40
1511237343, 54, 21, 23, 0, 0, 0.43%, 1, 0, 3, 65.69
1511237348, 55, 18, 23, 0, 0, 0.43%, 1, 0, 3, 56.94
1511237353, 55, 21, 23, 0, 0, 0.43%, 1, 0, 3, 66.65
1511237358, 56, 20, 23, 0, 0, 0.43%, 1, 0, 3, 60.51
1511237363, 56, 21, 23, 0, 0, 0.43%, 1, 0, 3, 58.53
1511237368, 57, 5, 23, 0, 0, 0.43%, 1, 0, 3, 62.45
1511237373, 57, 21, 23, 0, 0, 0.43%, 1, 0, 3, 56.39
1511237379, 58, 21, 23, 0, 0, 0.43%, 1, 0, 3, 59.31
1511237384, 59, 21, 23, 0, 0, 0.43%, 1, 0, 3, 59.17
1511237389, 60, 14, 23, 0, 0, 0.43%, 1, 0, 3, 58.27
1511237394, 60, 21, 23, 0, 0, 0.43%, 1, 0, 3, 53.52
1511237399, 61, 21, 23, 0, 0, 0.43%, 1, 0, 3, 62.99
1511237404, 62, 5, 23, 0, 0, 0.43%, 1, 0, 3, 62.09
1511237410, 62, 21, 23, 0, 0, 0.43%, 1, 0, 3, 57.15
1511237415, 63, 16, 23, 0, 0, 0.43%, 1, 0, 3, 55.60
1511237420, 63, 21, 23, 0, 0, 0.43%, 1, 0, 3, 59.82
1511237425, 64, 21, 23, 0, 0, 0.43%, 1, 0, 3, 57.42
1511237430, 65, 11, 23, 0, 0, 0.43%, 1, 0, 3, 59.12
1511237435, 65, 20, 23, 0, 0, 0.43%, 1, 0, 3, 62.52
1511237440, 65, 21, 23, 0, 0, 0.43%, 1, 0, 3, 62.85
1511237446, 66, 17, 23, 0, 0, 0.43%, 1, 0, 3, 60.14
1511237451, 66, 21, 23, 0, 0, 0.43%, 1, 0, 3, 61.12
1511237456, 67, 3, 23, 0, 0, 0.43%, 1, 0, 3, 58.81
1511237461, 67, 21, 23, 0, 0, 0.43%, 1, 0, 3, 56.25
1511237466, 68, 3, 23, 0, 0, 0.43%, 1, 0, 3, 58.97
1511237471, 69, 4, 23, 0, 0, 0.43%, 1, 0, 3, 59.70
1511237476, 69, 21, 23, 0, 0, 0.43%, 1, 0, 3, 57.22
1511237482, 70, 6, 23, 0, 0, 0.43%, 1, 0, 3, 61.44
1511237487, 70, 21, 23, 0, 0, 0.43%, 1, 0, 3, 60.43
1511237492, 71, 12, 23, 0, 0, 0.43%, 1, 0, 3, 53.64
1511237497, 71, 21, 23, 0, 0, 0.43%, 1, 0, 3, 57.70
1511237502, 72, 21, 23, 0, 0, 0.43%, 1, 0, 3, 58.41
1511237507, 73, 3, 23, 0, 0, 0.43%, 1, 0, 3, 59.82
1511237512, 73, 18, 23, 0, 0, 0.43%, 1, 0, 3, 58.63
1511237517, 73, 21, 23, 0, 0, 0.43%, 1, 0, 3, 55.75
1511237523, 74, 21, 23, 0, 0, 0.43%, 1, 0, 3, 57.19
1511237528, 75, 21, 23, 0, 0, 0.43%, 1, 0, 3, 52.54
1511237533, 76, 19, 23, 0, 0, 0.43%, 1, 0, 3, 54.78
1511237538, 77, 21, 23, 0, 0, 0.43%, 1, 0, 3, 61.93
1511237543, 78, 2, 23, 0, 0, 0.43%, 1, 0, 3, 61.66
1511237548, 78, 3, 23, 0, 0, 0.43%, 1, 0, 3, 57.80
1511237553, 78, 13, 23, 0, 0, 0.43%, 1, 0, 3, 57.26
1511237559, 79, 13, 23, 0, 0, 0.43%, 1, 0, 3, 58.47
1511237564, 79, 21, 23, 0, 0, 0.43%, 1, 0, 3, 57.84
1511237569, 79, 22, 23, 0, 0, 0.43%, 1, 0, 3, 59.69
1511237574, 80, 3, 23, 0, 0, 0.43%, 1, 0, 3, 62.38
1511237579, 80, 21, 23, 0, 0, 0.43%, 1, 0, 3, 62.34
1511237585, 80, 22, 23, 0, 0, 0.43%, 1, 0, 3, 58.12
1511237590, 81, 1, 23, 0, 0, 0.43%, 1, 0, 3, 56.49
1511237595, 81, 21, 23, 0, 0, 0.43%, 1, 0, 3, 55.83
1511237600, 83, 21, 23, 0, 0, 0.43%, 1, 0, 3, 60.89
1511237605, 84, 7, 23, 0, 0, 0.43%, 1, 0, 3, 57.73
1511237610, 84, 13, 23, 0, 0, 0.43%, 1, 0, 3, 66.13
1511237615, 84, 21, 23, 0, 0, 0.43%, 1, 0, 3, 59.74
1511237620, 85, 21, 23, 0, 0, 0.43%, 1, 0, 3, 62.27
1511237625, 86, 21, 23, 0, 0, 0.43%, 1, 0, 3, 63.92
1511237631, 87, 11, 23, 0, 0, 0.43%, 1, 0, 3, 61.19
1511237636, 87, 21, 23, 0, 0, 0.43%, 1, 0, 3, 62.45
1511237641, 88, 14, 23, 0, 0, 0.43%, 1, 0, 3, 62.39
1511237646, 88, 21, 23, 0, 0, 0.43%, 1, 0, 3, 62.71
1511237651, 89, 21, 23, 0, 0, 0.43%, 1, 0, 3, 62.42
1511237656, 90, 18, 23, 0, 0, 0.43%, 1, 0, 3, 65.18
1511237661, 90, 21, 23, 0, 0, 0.43%, 1, 0, 3, 59.07
1511237666, 91, 21, 23, 0, 0, 0.43%, 1, 0, 3, 66.25
1511237671, 92, 18, 23, 0, 0, 0.43%, 1, 0, 3, 59.38
1511237676, 92, 21, 23, 0, 0, 0.43%, 1, 0, 3, 58.03
1511237681, 93, 21, 23, 0, 0, 0.43%, 1, 0, 3, 56.94
1511237687, 94, 21, 23, 0, 0, 0.43%, 1, 0, 3, 63.91
1511237692, 95, 4, 23, 0, 0, 0.43%, 1, 0, 3, 63.53
1511237697, 95, 9, 23, 0, 0, 0.43%, 1, 0, 3, 60.55
1511237702, 95, 21, 23, 0, 0, 0.43%, 1, 0, 3, 59.92
1511237707, 96, 21, 23, 0, 0, 0.43%, 1, 0, 3, 60.47
1511237712, 97, 8, 23, 0, 0, 0.43%, 1, 0, 3, 60.03
1511237717, 97, 13, 23, 0, 0, 0.43%, 1, 0, 3, 56.59
1511237722, 97, 19, 23, 0, 0, 0.43%, 1, 0, 3, 58.44
1511237727, 97, 21, 23, 0, 0, 0.43%, 1, 0, 3, 58.87
1511237733, 98, 15, 23, 0, 0, 0.43%, 1, 0, 3, 60.00
1511237738, 98, 21, 23, 0, 0, 0.43%, 1, 0, 3, 63.41
1511237743, 99, 10, 23, 0, 0, 0.43%, 1, 0, 3, 61.51
1511237748, 99, 21, 23, 0, 0, 0.43%, 1, 0, 3, 58.43
1511237753, 100, 14, 23, 0, 0, 0.43%, 1, 0, 3, 64.32
1511237758, 100, 16, 23, 0, 0, 0.43%, 1, 0, 3, 60.43
1511237763, 100, 21, 23, 0, 0, 0.43%, 1, 0, 3, 61.70
1511237768, 101, 17, 23, 0, 0, 0.43%, 1, 0, 3, 63.47
1511237773, 101, 21, 23, 0, 0, 0.43%, 1, 0, 3, 65.67
1511237778, 103, 21, 23, 0, 0, 0.43%, 1, 0, 3, 66.23
1511237784, 104, 21, 23, 0, 0, 0.43%, 1, 0, 3, 56.66
1511237789, 105, 0, 23, 0, 0, 0.43%, 1, 0, 3, 53.71
1511237794, 105, 21, 23, 0, 0, 0.43%, 1, 0, 3, 59.71
1511237799, 106, 1, 23, 0, 0, 0.43%, 1, 0, 3, 59.56
1511237804, 106, 21, 23, 0, 0, 0.43%, 1, 0, 3, 57.59
1511237810, 106, 22, 23, 0, 0, 0.43%, 1, 0, 3, 58.02
1511237815, 107, 2, 23, 0, 0, 0.43%, 1, 0, 3, 58.32
1511237820, 107, 21, 23, 0, 0, 0.43%, 1, 0, 3, 61.15
1511237825, 108, 7, 23, 0, 0, 0.43%, 1, 0, 3, 56.45
1511237830, 108, 8, 23, 0, 0, 0.43%, 1, 0, 3, 58.75
1511237835, 108, 17, 23, 0, 0, 0.43%, 1, 0, 3, 56.01
1511237840, 108, 20, 23, 0, 0, 0.43%, 1, 0, 3, 56.93
1511237846, 108, 21, 23, 0, 0, 0.43%, 1, 0, 3, 57.69
1511237851, 109, 21, 23, 0, 0, 0.43%, 1, 0, 3, 58.34
1511237856, 110, 2, 23, 0, 0, 0.43%, 1, 0, 3, 53.78
1511237861, 110, 21, 23, 0, 0, 0.43%, 1, 0, 3, 61.57
1511237866, 111, 6, 23, 0, 0, 0.43%, 1, 0, 3, 64.75
1511237871, 111, 12, 23, 0, 0, 0.43%, 1, 0, 3, 56.24
1511237876, 111, 21, 23, 0, 0, 0.43%, 1, 0, 3, 65.22
1511237881, 112, 21, 23, 0, 0, 0.43%, 1, 0, 3, 63.32
1511237887, 113, 7, 23, 0, 0, 0.43%, 1, 0, 3, 61.36
1511237892, 113, 21, 23, 0, 0, 0.43%, 1, 0, 3, 60.01
1511237897, 114, 21, 23, 0, 0, 0.43%, 1, 0, 3, 58.78
1511237902, 115, 12, 23, 0, 0, 0.43%, 1, 0, 3, 58.86
1511237907, 115, 18, 23, 0, 0, 0.43%, 1, 0, 3, 56.32
1511237912, 115, 21, 23, 0, 0, 0.43%, 1, 0, 3, 60.54
1511237917, 116, 21, 23, 0, 0, 0.43%, 1, 0, 3, 59.83
1511237922, 117, 4, 23, 0, 0, 0.43%, 1, 0, 3, 61.68
1511237928, 117, 21, 23, 0, 0, 0.43%, 1, 0, 3, 60.13
1511237933, 118, 16, 23, 0, 0, 0.43%, 1, 0, 3, 59.10
1511237938, 118, 21, 23, 0, 0, 0.43%, 1, 0, 3, 63.95
1511237943, 120, 0, 23, 0, 0, 0.43%, 1, 0, 3, 63.76
1511237948, 120, 21, 23, 0, 0, 0.43%, 1, 0, 3, 63.74
1511237954, 121, 21, 23, 0, 0, 0.43%, 1, 0, 3, 58.70
1511237959, 122, 1, 23, 0, 0, 0.43%, 1, 0, 3, 57.16
1511237964, 122, 21, 23, 0, 0, 0.43%, 1, 0, 3, 52.83
1511237969, 123, 3, 23, 0, 0, 0.43%, 1, 0, 3, 62.23
1511237974, 124, 2, 23, 0, 0, 0.43%, 1, 0, 3, 57.64
1511237979, 124, 21, 23, 0, 0, 0.43%, 1, 0, 3, 57.68
1511237985, 125, 21, 23, 0, 0, 0.43%, 1, 0, 3, 60.23
1511237990, 126, 21, 23, 0, 0, 0.43%, 1, 0, 3, 59.68
1511237995, 127, 21, 23, 0, 0, 0.43%, 1, 0, 3, 59.76
1511238000, 128, 21, 23, 0, 0, 0.43%, 1, 0, 3, 58.56
1511238005, 129, 1, 23, 0, 0, 0.43%, 1, 0, 3, 59.82
1511238011, 129, 6, 23, 0, 0, 0.43%, 1, 0, 3, 56.78
1511238016, 130, 0, 23, 0, 0, 0.43%, 1, 0, 3, 57.94
1511238021, 130, 21, 23, 0, 0, 0.43%, 1, 0, 3, 59.20
1511238026, 132, 16, 23, 0, 0, 0.43%, 1, 0, 3, 63.58
1511238031, 132, 21, 23, 0, 0, 0.43%, 1, 0, 3, 59.44
1511238036, 133, 21, 23, 0, 0, 0.43%, 1, 0, 3, 54.97
1511238041, 134, 15, 23, 0, 0, 0.43%, 1, 0, 3, 61.83
1511238047, 134, 18, 23, 0, 0, 0.43%, 1, 0, 3, 61.98
1511238052, 134, 21, 23, 0, 0, 0.43%, 1, 0, 3, 56.81
1511238057, 135, 21, 23, 0, 0, 0.43%, 1, 0, 3, 58.21
1511238062, 136, 21, 23, 0, 0, 0.43%, 1, 0, 3, 57.96
1511238067, 138, 0, 23, 0, 0, 0.43%, 1, 0, 3, 58.75
1511238072, 138, 2, 23, 0, 0, 0.43%, 1, 0, 3, 64.33
1511238077, 138, 21, 23, 0, 0, 0.43%, 1, 0, 3, 61.78
1511238083, 139, 5, 23, 0, 0, 0.43%, 1, 0, 3, 57.41
1511238088, 139, 21, 23, 0, 0, 0.43%, 1, 0, 3, 59.47
1511238093, 140, 21, 23, 0, 0, 0.43%, 1, 0, 3, 57.41
1511238098, 141, 7, 23, 0, 0, 0.43%, 1, 0, 3, 56.97
1511238103, 141, 17, 23, 0, 0, 0.43%, 1, 0, 3, 57.73
1511238109, 141, 21, 23, 0, 0, 0.43%, 1, 0, 3, 60.32
1511238114, 141, 22, 23, 0, 0, 0.43%, 1, 0, 3, 60.47
1511238119, 142, 21, 23, 0, 0, 0.43%, 1, 0, 3, 57.00
1511238124, 143, 21, 23, 0, 0, 0.43%, 1, 0, 3, 60.52
1511238129, 144, 21, 23, 0, 0, 0.43%, 1, 0, 3, 64.56
1511238134, 145, 10, 23, 0, 0, 0.43%, 1, 0, 3, 62.64
1511238139, 145, 15, 23, 0, 0, 0.43%, 1, 0, 3, 60.00
1511238144, 145, 21, 23, 0, 0, 0.43%, 1, 0, 3, 63.62
1511238149, 146, 21, 23, 0, 0, 0.43%, 1, 0, 3, 63.73
1511238154, 147, 4, 23, 0, 0, 0.43%, 1, 0, 3, 63.54
1511238159, 147, 21, 23, 0, 0, 0.43%, 1, 0, 3, 56.39
1511238165, 148, 21, 23, 0, 0, 0.43%, 1, 0, 3, 61.54
1511238170, 149, 21, 23, 0, 0, 0.43%, 1, 0, 3, 56.49
1511238175, 150, 21, 23, 0, 0, 0.43%, 1, 0, 3, 56.47
1511238180, 151, 21, 23, 0, 0, 0.43%, 1, 0, 3, 70.68
1511238185, 152, 14, 23, 0, 0, 0.43%, 1, 0, 3, 65.52
1511238190, 152, 16, 23, 0, 0, 0.43%, 1, 0, 3, 58.27
1511238195, 152, 21, 23, 0, 0, 0.43%, 1, 0, 3, 58.69
1511238201, 153, 12, 23, 0, 0, 0.43%, 1, 0, 3, 53.27
1511238206, 153, 21, 23, 0, 0, 0.43%, 1, 0, 3, 61.24
1511238211, 153, 22, 23, 0, 0, 0.43%, 1, 0, 3, 64.44
1511238216, 154, 10, 23, 0, 0, 0.43%, 1, 0, 3, 61.18
1511238221, 155, 2, 23, 0, 0, 0.43%, 1, 0, 3, 59.00
1511238226, 155, 21, 23, 0, 0, 0.43%, 1, 0, 3, 59.29
1511238232, 156, 21, 23, 0, 0, 0.43%, 1, 0, 3, 53.29
1511238237, 157, 11, 23, 0, 0, 0.43%, 1, 0, 3, 61.09
1511238242, 157, 21, 23, 0, 0, 0.43%, 1, 0, 3, 60.54
1511238247, 158, 21, 23, 0, 0, 0.43%, 1, 0, 3, 9.30
1511238252, 159, 2, 23, 0, 0, 0.43%, 1, 0, 3, 49.81
1511238257, 159, 10, 23, 0, 0, 0.43%, 1, 0, 3, 57.59
1511238262, 159, 21, 23, 0, 0, 0.43%, 1, 0, 3, 58.95
1511238267, 160, 22, 23, 0, 0, 0.43%, 1, 0, 3, 65.57
1511238273, 161, 21, 23, 0, 0, 0.43%, 1, 0, 3, 60.70
1511238278, 162, 19, 23, 0, 0, 0.43%, 1, 0, 3, 64.81
1511238283, 162, 21, 23, 0, 0, 0.43%, 1, 0, 3, 60.14
1511238288, 163, 7, 23, 0, 0, 0.43%, 1, 0, 3, 59.90
1511238293, 163, 14, 23, 0, 0, 0.43%, 1, 0, 3, 60.93
1511238299, 163, 21, 23, 0, 0, 0.43%, 1, 0, 3, 63.27
1511238304, 164, 21, 23, 0, 0, 0.43%, 1, 0, 3, 57.45
1511238309, 165, 12, 23, 0, 0, 0.43%, 1, 0, 3, 59.94
1511238314, 165, 21, 23, 0, 0, 0.43%, 1, 0, 3, 62.81
1511238319, 166, 21, 23, 0, 0, 0.43%, 1, 0, 3, 57.16
1511238324, 167, 21, 23, 0, 0, 0.43%, 1, 0, 3, 62.29
1511238329, 168, 17, 23, 0, 0, 0.43%, 1, 0, 3, 58.06
1511238335, 168, 21, 23, 0, 0, 0.43%, 1, 0, 3, 57.37
1511238340, 169, 21, 23, 0, 0, 0.43%, 1, 0, 3, 58.88
1511238345, 170, 19, 23, 0, 0, 0.43%, 1, 0, 3, 62.83
1511238350, 170, 21, 23, 0, 0, 0.43%, 1, 0, 3, 58.96
1511238355, 171, 1, 23, 0, 0, 0.43%, 1, 0, 3, 55.25
1511238361, 171, 14, 23, 0, 0, 0.43%, 1, 0, 3, 57.91
1511238366, 171, 21, 23, 0, 0, 0.43%, 1, 0, 3, 62.90
1511238371, 172, 11, 23, 0, 0, 0.43%, 1, 0, 3, 64.22
1511238376, 172, 21, 23, 0, 0, 0.43%, 1, 0, 3, 60.07
1511238381, 172, 22, 23, 0, 0, 0.43%, 1, 0, 3, 61.97
1511238386, 173, 5, 23, 0, 0, 0.43%, 1, 0, 3, 62.25
1511238391, 173, 12, 23, 0, 0, 0.43%, 1, 0, 3, 63.89
1511238396, 173, 21, 23, 0, 0, 0.43%, 1, 0, 3, 61.27
1511238401, 174, 21, 23, 0, 0, 0.43%, 1, 0, 3, 62.85
1511238406, 175, 21, 23, 0, 0, 0.43%, 1, 0, 3, 58.50
1511238411, 176, 5, 23, 0, 0, 0.43%, 1, 0, 3, 61.83
1511238417, 176, 21, 23, 0, 0, 0.43%, 1, 0, 3, 59.18
1511238422, 177, 17, 23, 0, 0, 0.43%, 1, 0, 3, 54.68
1511238427, 177, 21, 23, 0, 0, 0.43%, 1, 0, 3, 58.44
1511238432, 178, 21, 23, 0, 0, 0.43%, 1, 0, 3, 56.61
1511238437, 179, 21, 23, 0, 0, 0.43%, 1, 0, 3, 60.36
1511238442, 180, 16, 23, 0, 0, 0.43%, 1, 0, 3, 60.84
1511238447, 181, 11, 23, 0, 0, 0.43%, 1, 0, 3, 63.91
1511238452, 181, 21, 23, 0, 0, 0.43%, 1, 0, 3, 57.55
1511238458, 182, 14, 23, 0, 0, 0.43%, 1, 0, 3, 56.91
1511238463, 182, 21, 23, 0, 0, 0.43%, 1, 0, 3, 62.64
1511238468, 183, 3, 23, 0, 0, 0.43%, 1, 0, 3, 61.10
1511238473, 183, 21, 23, 0, 0, 0.43%, 1, 0, 3, 56.00
1511238478, 184, 21, 23, 0, 0, 0.43%, 1, 0, 3, 59.62
1511238483, 185, 21, 23, 0, 0, 0.43%, 1, 0, 3, 61.21
1511238488, 186, 21, 23, 0, 0, 0.43%, 1, 0, 3, 55.76
1511238494, 187, 14, 23, 0, 0, 0.43%, 1, 0, 3, 60.94
1511238499, 187, 21, 23, 0, 0, 0.43%, 1, 0, 3, 59.65
1511238504, 188, 21, 23, 0, 0, 0.43%, 1, 0, 3, 59.78
1511238509, 189, 21, 23, 0, 0, 0.43%, 1, 0, 3, 58.28
1511238514, 190, 21, 23, 0, 0, 0.43%, 1, 0, 3, 59.14
1511238519, 191, 3, 23, 0, 0, 0.43%, 1, 0, 3, 60.54
1511238524, 191, 12, 23, 0, 0, 0.43%, 1, 0, 3, 57.37
1511238530, 191, 18, 23, 0, 0, 0.43%, 1, 0, 3, 56.57
1511238535, 191, 21, 23, 0, 0, 0.43%, 1, 0, 3, 58.35
1511238540, 192, 21, 23, 0, 0, 0.43%, 1, 0, 3, 58.26
1511238545, 193, 21, 23, 0, 0, 0.43%, 1, 0, 3, 64.18
1511238550, 193, 22, 23, 0, 0, 0.43%, 1, 0, 3, 61.39
1511238555, 194, 3, 23, 0, 0, 0.43%, 1, 0, 3, 58.87
1511238560, 194, 21, 23, 0, 0, 0.43%, 1, 0, 3, 61.43
1511238566, 195, 21, 23, 0, 0, 0.43%, 1, 0, 3, 57.18
1511238571, 196, 1, 23, 0, 0, 0.43%, 1, 0, 3, 58.25
1511238576, 196, 16, 23, 0, 0, 0.43%, 1, 0, 3, 63.32
1511238581, 196, 21, 23, 0, 0, 0.43%, 1, 0, 3, 63.11
1511238586, 197, 21, 23, 0, 0, 0.43%, 1, 0, 3, 60.09
1511238591, 198, 3, 23, 0, 0, 0.43%, 1, 0, 3, 57.41
1511238596, 198, 5, 23, 0, 0, 0.43%, 1, 0, 3, 59.77
1511238602, 198, 21, 23, 0, 0, 0.43%, 1, 0, 3, 53.90
1511238607, 198, 22, 23, 0, 0, 0.43%, 1, 0, 3, 50.80
1511238612, 199, 21, 23, 0, 0, 0.43%, 1, 0, 3, 57.98
1511238617, 200, 12, 23, 0, 0, 0.43%, 1, 0, 3, 55.47
1511238622, 200, 21, 23, 0, 0, 0.43%, 1, 0, 3, 58.25
1511238627, 201, 11, 23, 0, 0, 0.43%, 1, 0, 3, 57.89
1511238632, 201, 21, 23, 0, 0, 0.43%, 1, 0, 3, 61.74
1511238638, 202, 21, 23, 0, 0, 0.43%, 1, 0, 3, 55.53
1511238643, 203, 18, 23, 0, 0, 0.43%, 1, 0, 3, 56.85
1511238648, 203, 21, 23, 0, 0, 0.43%, 1, 0, 3, 54.85
1511238653, 204, 9, 23, 0, 0, 0.43%, 1, 0, 3, 63.26
1511238658, 204, 21, 23, 0, 0, 0.43%, 1, 0, 3, 55.91
1511238663, 205, 17, 23, 0, 0, 0.43%, 1, 0, 3, 61.62
1511238668, 205, 21, 23, 0, 0, 0.43%, 1, 0, 3, 61.97
1511238673, 206, 21, 23, 0, 0, 0.43%, 1, 0, 3, 59.66
1511238678, 207, 15, 23, 0, 0, 0.43%, 1, 0, 3, 58.74
1511238684, 207, 21, 23, 0, 0, 0.43%, 1, 0, 3, 58.60
1511238689, 207, 22, 23, 0, 0, 0.43%, 1, 0, 3, 59.01
1511238694, 208, 21, 23, 0, 0, 0.43%, 1, 0, 3, 60.50
1511238699, 209, 3, 23, 0, 0, 0.43%, 1, 0, 3, 60.88
1511238704, 209, 15, 23, 0, 0, 0.43%, 1, 0, 3, 54.40
1511238709, 209, 21, 23, 0, 0, 0.43%, 1, 0, 3, 58.93
1511238714, 210, 21, 23, 0, 0, 0.43%, 1, 0, 3, 58.27
1511238720, 211, 1, 23, 0, 0, 0.43%, 1, 0, 3, 60.89
1511238725, 211, 21, 23, 0, 0, 0.43%, 1, 0, 3, 62.01
1511238730, 212, 21, 23, 0, 0, 0.43%, 1, 0, 3, 55.46
1511238735, 213, 21, 23, 0, 0, 0.43%, 1, 0, 3, 61.12
1511238740, 214, 9, 23, 0, 0, 0.43%, 1, 0, 3, 62.09
1511238745, 214, 21, 23, 0, 0, 0.43%, 1, 0, 3, 62.20
1511238750, 215, 6, 23, 0, 0, 0.43%, 1, 0, 3, 59.89
1511238755, 215, 21, 23, 0, 0, 0.43%, 1, 0, 3, 57.11
1511238760, 216, 21, 23, 0, 0, 0.43%, 1, 0, 3, 53.24
1511238766, 217, 9, 23, 0, 0, 0.43%, 1, 0, 3, 59.48
1511238771, 217, 21, 23, 0, 0, 0.43%, 1, 0, 3, 59.36
1511238776, 218, 14, 23, 0, 0, 0.43%, 1, 0, 3, 54.66
1511238781, 218, 21, 23, 0, 0, 0.43%, 1, 0, 3, 60.97
1511238786, 219, 1, 23, 0, 0, 0.43%, 1, 0, 3, 59.48
1511238791, 219, 17, 23, 0, 0, 0.43%, 1, 0, 3, 58.09
1511238797, 219, 21, 23, 0, 0, 0.43%, 1, 0, 3, 61.19
1511238802, 220, 18, 23, 0, 0, 0.43%, 1, 0, 3, 61.29
1511238807, 220, 21, 23, 0, 0, 0.43%, 1, 0, 3, 60.83
1511238812, 221, 21, 23, 0, 0, 0.43%, 1, 0, 3, 61.26
1511238817, 222, 21, 23, 0, 0, 0.43%, 1, 0, 3, 58.73
1511238822, 223, 5, 23, 0, 0, 0.43%, 1, 0, 3, 60.13
1511238827, 223, 21, 23, 0, 0, 0.43%, 1, 0, 3, 68.33
1511238833, 224, 5, 23, 0, 0, 0.43%, 1, 0, 3, 63.76
1511238838, 224, 12, 23, 0, 0, 0.43%, 1, 0, 3, 60.51
1511238843, 224, 21, 23, 0, 0, 0.43%, 1, 0, 3, 57.16
1511238848, 225, 7, 23, 0, 0, 0.43%, 1, 0, 3, 62.85
1511238853, 225, 8, 23, 0, 0, 0.43%, 1, 0, 3, 63.40
1511238858, 225, 20, 23, 0, 0, 0.43%, 1, 0, 3, 59.42
1511238864, 225, 21, 23, 0, 0, 0.43%, 1, 0, 3, 59.50
1511238869, 226, 1, 23, 0, 0, 0.43%, 1, 0, 3, 59.28
1511238874, 226, 13, 23, 0, 0, 0.43%, 1, 0, 3, 58.81
1511238879, 226, 21, 23, 0, 0, 0.43%, 1, 0, 3, 58.42
1511238884, 227, 10, 23, 0, 0, 0.43%, 1, 0, 3, 60.92
1511238889, 227, 11, 23, 0, 0, 0.43%, 1, 0, 3, 59.60
1511238894, 227, 21, 23, 0, 0, 0.43%, 1, 0, 3, 59.86
1511238900, 228, 12, 23, 0, 0, 0.43%, 1, 0, 3, 63.04
1511238905, 228, 21, 23, 0, 0, 0.43%, 1, 0, 3, 59.65
1511238910, 229, 20, 23, 0, 0, 0.43%, 1, 0, 3, 58.29
1511238915, 229, 21, 23, 0, 0, 0.43%, 1, 0, 3, 58.61
1511238920, 230, 21, 23, 0, 0, 0.43%, 1, 0, 3, 60.50
1511238925, 231, 7, 23, 0, 0, 0.43%, 1, 0, 3, 57.59
1511238930, 231, 21, 23, 0, 0, 0.43%, 1, 0, 3, 56.36
1511238936, 232, 4, 23, 0, 0, 0.43%, 1, 0, 3, 58.31
1511238941, 232, 15, 23, 0, 0, 0.43%, 1, 0, 3, 59.93
1511238946, 232, 21, 23, 0, 0, 0.43%, 1, 0, 3, 57.77
1511238951, 233, 21, 23, 0, 0, 0.43%, 1, 0, 3, 63.65
1511238956, 234, 5, 23, 0, 0, 0.43%, 1, 0, 3, 61.02
1511238961, 234, 21, 23, 0, 0, 0.43%, 1, 0, 3, 61.19
1511238966, 235, 20, 23, 0, 0, 0.43%, 1, 0, 3, 57.92
1511238971, 235, 21, 23, 0, 0, 0.43%, 1, 0, 3, 56.71
1511238977, 236, 16, 23, 0, 0, 0.43%, 1, 0, 3, 59.75
1511238982, 236, 21, 23, 0, 0, 0.43%, 1, 0, 3, 56.70
1511238987, 237, 21, 23, 0, 0, 0.43%, 1, 0, 3, 61.76
1511238992, 238, 17, 23, 0, 0, 0.43%, 1, 0, 3, 57.57
1511238997, 238, 21, 23, 0, 0, 0.43%, 1, 0, 3, 57.36
1511239002, 239, 21, 23, 0, 0, 0.43%, 1, 0, 3, 56.53
1511239007, 240, 21, 23, 0, 0, 0.43%, 1, 0, 3, 56.28
1511239012, 241, 7, 23, 0, 0, 0.43%, 1, 0, 3, 53.88
1511239018, 241, 21, 23, 0, 0, 0.43%, 1, 0, 3, 56.48
1511239023, 242, 21, 23, 0, 0, 0.43%, 1, 0, 3, 60.67
1511239028, 243, 13, 23, 0, 0, 0.43%, 1, 0, 3, 62.57
1511239033, 243, 18, 23, 0, 0, 0.43%, 1, 0, 3, 64.56
1511239038, 243, 21, 23, 0, 0, 0.43%, 1, 0, 3, 58.78
1511239043, 244, 5, 23, 0, 0, 0.43%, 1, 0, 3, 60.44
1511239048, 244, 19, 23, 0, 0, 0.43%, 1, 0, 3, 60.33
1511239054, 244, 21, 23, 0, 0, 0.43%, 1, 0, 3, 58.89
1511239059, 245, 16, 23, 0, 0, 0.43%, 1, 0, 3, 59.96
1511239064, 245, 21, 23, 0, 0, 0.43%, 1, 0, 3, 60.37
1511239069, 246, 14, 23, 0, 0, 0.43%, 1, 0, 3, 59.24
1511239074, 246, 17, 23, 0, 0, 0.43%, 1, 0, 3, 56.85
1511239079, 246, 21, 23, 0, 0, 0.43%, 1, 0, 3, 58.94
1511239084, 248, 5, 23, 0, 0, 0.43%, 1, 0, 3, 54.94
1511239089, 248, 21, 23, 0, 0, 0.43%, 1, 0, 3, 57.74
1511239095, 249, 15, 23, 0, 0, 0.43%, 1, 0, 3, 61.94
1511239100, 249, 21, 23, 0, 0, 0.43%, 1, 0, 3, 59.02
1511239105, 250, 21, 23, 0, 0, 0.43%, 1, 0, 3, 60.09
1511239110, 251, 12, 23, 0, 0, 0.43%, 1, 0, 3, 57.00
1511239115, 251, 21, 23, 0, 0, 0.43%, 1, 0, 3, 54.32
1511239120, 253, 5, 23, 0, 0, 0.43%, 1, 0, 3, 57.97
1511239125, 253, 17, 23, 0, 0, 0.43%, 1, 0, 3, 65.69
1511239130, 253, 21, 23, 0, 0, 0.43%, 1, 0, 3, 62.38
1511239135, 254, 11, 23, 0, 0, 0.43%, 1, 0, 3, 59.17
1511239141, 254, 20, 23, 0, 0, 0.43%, 1, 0, 3, 60.63
1511239146, 254, 21, 23, 0, 0, 0.43%, 1, 0, 3, 60.11
1511239151, 255, 9, 23, 0, 0, 0.43%, 1, 0, 3, 65.20
1511239156, 255, 11, 23, 0, 0, 0.43%, 1, 0, 3, 60.38
1511239161, 255, 21, 23, 0, 0, 0.43%, 1, 0, 3, 62.70
1511239166, 256, 12, 23, 0, 0, 0.43%, 1, 0, 3, 70.24
1511239172, 256, 21, 23, 0, 0, 0.43%, 1, 0, 3, 62.51
1511239177, 257, 10, 23, 0, 0, 0.43%, 1, 0, 3, 63.21
1511239182, 257, 21, 23, 0, 0, 0.43%, 1, 0, 3, 58.18
1511239187, 258, 5, 23, 0, 0, 0.43%, 1, 0, 3, 58.43
1511239192, 258, 21, 23, 0, 0, 0.43%, 1, 0, 3, 62.06
1511239197, 258, 22, 23, 0, 0, 0.43%, 1, 0, 3, 57.62
1511239202, 259, 21, 23, 0, 0, 0.43%, 1, 0, 3, 60.03
1511239207, 260, 21, 23, 0, 0, 0.43%, 1, 0, 3, 66.13
1511239212, 261, 21, 23, 0, 0, 0.43%, 1, 0, 3, 59.57
1511239218, 262, 21, 23, 0, 0, 0.43%, 1, 0, 3, 59.29
1511239223, 263, 21, 23, 0, 0, 0.43%, 1, 0, 3, 59.33
1511239228, 264, 19, 23, 0, 0, 0.43%, 1, 0, 3, 59.31
1511239233, 264, 21, 23, 0, 0, 0.43%, 1, 0, 3, 57.52
1511239238, 265, 3, 23, 0, 0, 0.43%, 1, 0, 3, 57.65
1511239244, 265, 15, 23, 0, 0, 0.43%, 1, 0, 3, 59.77
1511239249, 265, 21, 23, 0, 0, 0.43%, 1, 0, 3, 61.33
1511239254, 266, 21, 23, 0, 0, 0.43%, 1, 0, 3, 61.83
1511239259, 267, 13, 23, 0, 0, 0.43%, 1, 0, 3, 66.99
1511239264, 267, 18, 23, 0, 0, 0.43%, 1, 0, 3, 62.82
1511239269, 267, 21, 23, 0, 0, 0.43%, 1, 0, 3, 65.68
1511239274, 268, 10, 23, 0, 0, 0.43%, 1, 0, 3, 58.15
1511239279, 268, 16, 23, 0, 0, 0.43%, 1, 0, 3, 63.73
1511239285, 268, 18, 23, 0, 0, 0.43%, 1, 0, 3, 58.73
1511239290, 268, 21, 23, 0, 0, 0.43%, 1, 0, 3, 62.24
1511239295, 269, 2, 23, 0, 0, 0.43%, 1, 0, 3, 58.52
1511239300, 269, 21, 23, 0, 0, 0.43%, 1, 0, 3, 57.49
1511239305, 270, 6, 23, 0, 0, 0.43%, 1, 0, 3, 55.96
1511239310, 270, 19, 23, 0, 0, 0.43%, 1, 0, 3, 58.08
1511239315, 270, 21, 23, 0, 0, 0.43%, 1, 0, 3, 62.03
1511239320, 271, 17, 23, 0, 0, 0.43%, 1, 0, 3, 61.86
1511239325, 271, 21, 23, 0, 0, 0.43%, 1, 0, 3, 57.95
1511239331, 272, 11, 23, 0, 0, 0.43%, 1, 0, 3, 56.39
1511239336, 272, 21, 23, 0, 0, 0.43%, 1, 0, 3, 60.22
1511239341, 273, 2, 23, 0, 0, 0.43%, 1, 0, 3, 57.71
1511239346, 273, 21, 23, 0, 0, 0.43%, 1, 0, 3, 53.32
1511239351, 274, 13, 23, 0, 0, 0.43%, 1, 0, 3, 59.22
1511239356, 274, 21, 23, 0, 0, 0.43%, 1, 0, 3, 61.09
1511239361, 275, 21, 23, 0, 0, 0.43%, 1, 0, 3, 61.93
1511239366, 277, 6, 23, 0, 0, 0.43%, 1, 0, 3, 59.63
1511239371, 277, 11, 23, 0, 0, 0.43%, 1, 0, 3, 63.95
1511239376, 277, 13, 23, 0, 0, 0.43%, 1, 0, 3, 51.70
1511239381, 277, 21, 23, 0, 0, 0.43%, 1, 0, 3, 58.99
1511239387, 278, 5, 23, 0, 0, 0.43%, 1, 0, 3, 59.97
1511239392, 278, 21, 23, 0, 0, 0.43%, 1, 0, 3, 62.09
1511239397, 279, 21, 23, 0, 0, 0.43%, 1, 0, 3, 59.63
1511239402, 280, 21, 23, 0, 0, 0.43%, 1, 0, 3, 58.08
1511239407, 281, 20, 23, 0, 0, 0.43%, 1, 0, 3, 58.91
1511239412, 281, 21, 23, 0, 0, 0.43%, 1, 0, 3, 54.07
1511239417, 282, 7, 23, 0, 0, 0.43%, 1, 0, 3, 55.98
1511239423, 282, 21, 23, 0, 0, 0.43%, 1, 0, 3, 55.45
1511239428, 283, 0, 23, 0, 0, 0.43%, 1, 0, 3, 56.50
1511239433, 283, 8, 23, 0, 0, 0.43%, 1, 0, 3, 59.36
1511239438, 284, 21, 23, 0, 0, 0.43%, 1, 0, 3, 63.40
1511239443, 285, 2, 23, 0, 0, 0.43%, 1, 0, 3, 60.44
1511239448, 285, 18, 23, 0, 0, 0.43%, 1, 0, 3, 60.70
1511239453, 285, 21, 23, 0, 0, 0.43%, 1, 0, 3, 59.00
1511239459, 286, 1, 23, 0, 0, 0.43%, 1, 0, 3, 59.95
1511239464, 286, 21, 23, 0, 0, 0.43%, 1, 0, 3, 60.74
1511239469, 287, 3, 23, 0, 0, 0.43%, 1, 0, 3, 63.97
1511239474, 287, 21, 23, 0, 0, 0.43%, 1, 0, 3, 56.69
1511239479, 288, 21, 23, 0, 0, 0.43%, 1, 0, 3, 61.84
1511239484, 288, 22, 23, 0, 0, 0.43%, 1, 0, 3, 58.25
1511239490, 289, 9, 23, 0, 0, 0.43%, 1, 0, 3, 59.37
1511239495, 289, 18, 23, 0, 0, 0.43%, 1, 0, 3, 55.89
1511239500, 289, 21, 23, 0, 0, 0.43%, 1, 0, 3, 66.70
1511239505, 290, 21, 23, 0, 0, 0.43%, 1, 0, 3, 69.35
1511239510, 291, 21, 23, 0, 0, 0.43%, 1, 0, 3, 61.35
1511239515, 292, 21, 23, 0, 0, 0.43%, 1, 0, 3, 61.60
1511239520, 293, 21, 23, 0, 0, 0.43%, 1, 0, 3, 61.96
1511239526, 294, 11, 23, 0, 0, 0.43%, 1, 0, 3, 57.29
1511239531, 294, 21, 23, 0, 0, 0.43%, 1, 0, 3, 55.00
1511239536, 295, 21, 23, 0, 0, 0.43%, 1, 0, 3, 58.01
1511239541, 296, 21, 23, 0, 0, 0.43%, 1, 0, 3, 57.42
1511239546, 297, 10, 23, 0, 0, 0.43%, 1, 0, 3, 53.68
1511239551, 297, 21, 23, 0, 0, 0.43%, 1, 0, 3, 60.00
1511239556, 298, 21, 23, 0, 0, 0.43%, 1, 0, 3, 62.56
1511239561, 299, 5, 23, 0, 0, 0.43%, 1, 0, 3, 59.24
1511239567, 299, 9, 23, 0, 0, 0.43%, 1, 0, 3, 58.93
1511239572, 299, 14, 23, 0, 0, 0.43%, 1, 0, 3, 55.53
1511239577, 299, 21, 23, 0, 0, 0.43%, 1, 0, 3, 62.28
1511239582, 300, 4, 23, 0, 0, 0.43%, 1, 0, 3, 58.87
1511239587, 300, 21, 23, 0, 0, 0.43%, 1, 0, 3, 54.34
1511239592, 301, 21, 23, 0, 0, 0.43%, 1, 0, 3, 59.16
1511239597, 302, 5, 23, 0, 0, 0.43%, 1, 0, 3, 61.39
1511239602, 302, 15, 23, 0, 0, 0.43%, 1, 0, 3, 63.71
1511239607, 302, 21, 23, 0, 0, 0.43%, 1, 0, 3, 61.27
1511239613, 303, 21, 23, 0, 0, 0.43%, 1, 0, 3, 58.07
1511239618, 304, 1, 23, 0, 0, 0.43%, 1, 0, 3, 54.62
1511239623, 304, 21, 23, 0, 0, 0.43%, 1, 0, 3, 64.22
1511239628, 305, 13, 23, 0, 0, 0.43%, 1, 0, 3, 66.62
1511239633, 305, 21, 23, 0, 0, 0.43%, 1, 0, 3, 60.73
1511239638, 306, 9, 23, 0, 0, 0.43%, 1, 0, 3, 62.08
1511239643, 306, 21, 23, 0, 0, 0.43%, 1, 0, 3, 61.72
1511239648, 307, 21, 23, 0, 0, 0.43%, 1, 0, 3, 60.75
1511239654, 308, 11, 23, 0, 0, 0.43%, 1, 0, 3, 59.09
1511239659, 308, 21, 23, 0, 0, 0.43%, 1, 0, 3, 56.18
1511239664, 309, 21, 23, 0, 0, 0.43%, 1, 0, 3, 64.37
1511239669, 310, 5, 23, 0, 0, 0.43%, 1, 0, 3, 63.91
1511239674, 310, 21, 23, 0, 0, 0.43%, 1, 0, 3, 62.48
1511239679, 311, 21, 23, 0, 0, 0.43%, 1, 0, 3, 60.06
1511239684, 312, 8, 23, 0, 0, 0.43%, 1, 0, 3, 56.59
1511239689, 312, 11, 23, 0, 0, 0.43%, 1, 0, 3, 60.02
1511239695, 312, 21, 23, 0, 0, 0.43%, 1, 0, 3, 59.49
1511239700, 314, 5, 23, 0, 0, 0.43%, 1, 0, 3, 61.16
1511239705, 314, 9, 23, 0, 0, 0.43%, 1, 0, 3, 63.73
1511239710, 314, 21, 23, 0, 0, 0.43%, 1, 0, 3, 60.59
1511239715, 315, 21, 23, 0, 0, 0.43%, 1, 0, 3, 62.28
1511239720, 316, 5, 23, 0, 0, 0.43%, 1, 0, 3, 62.86
1511239725, 316, 11, 23, 0, 0, 0.43%, 1, 0, 3, 63.79
1511239730, 316, 17, 23, 0, 0, 0.43%, 1, 0, 3, 61.05
1511239735, 316, 21, 23, 0, 0, 0.43%, 1, 0, 3, 59.88
1511239740, 317, 3, 23, 0, 0, 0.43%, 1, 0, 3, 56.41
1511239745, 317, 18, 23, 0, 0, 0.43%, 1, 0, 3, 60.37
1511239750, 318, 0, 23, 0, 0, 0.43%, 1, 0, 3, 58.44
1511239755, 319, 1, 23, 0, 0, 0.43%, 1, 0, 3, 64.36
1511239761, 319, 21, 23, 0, 0, 0.43%, 1, 0, 3, 57.80
1511239766, 320, 21, 23, 0, 0, 0.43%, 1, 0, 3, 59.94
1511239771, 321, 12, 23, 0, 0, 0.43%, 1, 0, 3, 64.17
1511239776, 321, 21, 23, 0, 0, 0.43%, 1, 0, 3, 60.55
1511239781, 322, 13, 23, 0, 0, 0.43%, 1, 0, 3, 61.86
1511239786, 322, 21, 23, 0, 0, 0.43%, 1, 0, 3, 60.81
1511239792, 323, 17, 23, 0, 0, 0.43%, 1, 0, 3, 56.87
1511239797, 323, 21, 23, 0, 0, 0.43%, 1, 0, 3, 58.90
1511239802, 324, 2, 23, 0, 0, 0.43%, 1, 0, 3, 62.30
1511239807, 324, 18, 23, 0, 0, 0.43%, 1, 0, 3, 61.32
1511239812, 324, 21, 23, 0, 0, 0.43%, 1, 0, 3, 62.47
1511239817, 325, 21, 23, 0, 0, 0.43%, 1, 0, 3, 59.99
1511239822, 326, 21, 23, 0, 0, 0.43%, 1, 0, 3, 60.30
1511239828, 327, 6, 23, 0, 0, 0.43%, 1, 0, 3, 56.13
1511239833, 327, 19, 23, 0, 0, 0.43%, 1, 0, 3, 60.40
1511239838, 327, 21, 23, 0, 0, 0.43%, 1, 0, 3, 62.40
1511239843, 328, 7, 23, 0, 0, 0.43%, 1, 0, 3, 64.07
1511239848, 328, 21, 23, 0, 0, 0.43%, 1, 0, 3, 56.49
1511239853, 329, 3, 23, 0, 0, 0.43%, 1, 0, 3, 61.28
1511239858, 329, 21, 23, 0, 0, 0.43%, 1, 0, 3, 61.90
1511239863, 330, 21, 23, 0, 0, 0.43%, 1, 0, 3, 59.41
1511239868, 331, 2, 23, 0, 0, 0.43%, 1, 0, 3, 57.83
1511239874, 331, 17, 23, 0, 0, 0.43%, 1, 0, 3, 57.87
1511239879, 331, 21, 23, 0, 0, 0.43%, 1, 0, 3, 60.79
1511239884, 332, 15, 23, 0, 0, 0.43%, 1, 0, 3, 58.47
1511239889, 333, 10, 23, 0, 0, 0.43%, 1, 0, 3, 60.34
1511239894, 333, 11, 23, 0, 0, 0.43%, 1, 0, 3, 57.18
1511239899, 333, 21, 23, 0, 0, 0.43%, 1, 0, 3, 57.38
1511239904, 334, 21, 23, 0, 0, 0.43%, 1, 0, 3, 65.68
1511239909, 335, 21, 23, 0, 0, 0.43%, 1, 0, 3, 64.27
1511239914, 336, 10, 23, 0, 0, 0.43%, 1, 0, 3, 66.68
1511239919, 336, 21, 23, 0, 0, 0.43%, 1, 0, 3, 62.99
1511239924, 337, 18, 23, 0, 0, 0.43%, 1, 0, 3, 65.23
1511239929, 337, 21, 23, 0, 0, 0.43%, 1, 0, 3, 65.49
1511239934, 338, 21, 23, 0, 0, 0.43%, 1, 0, 3, 61.29
1511239939, 339, 19, 23, 0, 0, 0.43%, 1, 0, 3, 62.27
1511239945, 339, 20, 23, 0, 0, 0.43%, 1, 0, 3, 56.53
1511239950, 339, 21, 23, 0, 0, 0.43%, 1, 0, 3, 57.40
1511239955, 340, 21, 23, 0, 0, 0.43%, 1, 0, 3, 54.99
1511239960, 341, 21, 23, 0, 0, 0.43%, 1, 0, 3, 56.98
1511239965, 342, 14, 23, 0, 0, 0.43%, 1, 0, 3, 61.46
1511239970, 342, 21, 23, 0, 0, 0.43%, 1, 0, 3, 57.27
1511239975, 343, 21, 23, 0, 0, 0.43%, 1, 0, 3, 63.83
1511239980, 344, 21, 23, 0, 0, 0.43%, 1, 0, 3, 65.51
1511239986, 345, 21, 23, 0, 0, 0.43%, 1, 0, 3, 57.13
1511239991, 346, 11, 23, 0, 0, 0.43%, 1, 0, 3, 60.37
1511239996, 346, 21, 23, 0, 0, 0.43%, 1, 0, 3, 59.87
1511240001, 347, 21, 23, 0, 0, 0.43%, 1, 0, 3, 62.20
1511240006, 348, 5, 23, 0, 0, 0.43%, 1, 0, 3, 59.10
1511240011, 348, 9, 23, 0, 0, 0.43%, 1, 0, 3, 61.24
1511240016, 348, 21, 23, 0, 0, 0.43%, 1, 0, 3, 61.06
1511240021, 349, 21, 23, 0, 0, 0.43%, 1, 0, 3, 61.01
1511240027, 350, 21, 23, 0, 0, 0.43%, 1, 0, 3, 63.46
1511240032, 351, 14, 23, 0, 0, 0.43%, 1, 0, 3, 56.85
1511240037, 351, 21, 23, 0, 0, 0.43%, 1, 0, 3, 52.76
1511240042, 352, 14, 23, 0, 0, 0.43%, 1, 0, 3, 56.41
1511240047, 352, 17, 23, 0, 0, 0.43%, 1, 0, 3, 53.08
1511240052, 352, 21, 23, 0, 0, 0.43%, 1, 0, 3, 59.59
1511240057, 353, 9, 23, 0, 0, 0.43%, 1, 0, 3, 58.07
1511240062, 353, 21, 23, 0, 0, 0.43%, 1, 0, 3, 64.54
1511240067, 354, 7, 23, 0, 0, 0.43%, 1, 0, 3, 66.21
1511240073, 354, 21, 23, 0, 0, 0.43%, 1, 0, 3, 57.42
1511240078, 355, 19, 23, 0, 0, 0.43%, 1, 0, 3, 59.10
1511240083, 355, 21, 23, 0, 0, 0.43%, 1, 0, 3, 61.29
1511240088, 356, 21, 23, 0, 0, 0.43%, 1, 0, 3, 57.91
1511240093, 357, 7, 23, 0, 0, 0.43%, 1, 0, 3, 57.21
1511240098, 357, 11, 23, 0, 0, 0.43%, 1, 0, 3, 59.99
1511240103, 357, 21, 23, 0, 0, 0.43%, 1, 0, 3, 62.09
1511240109, 358, 4, 23, 0, 0, 0.43%, 1, 0, 3, 58.56
1511240114, 358, 18, 23, 0, 0, 0.43%, 1, 0, 3, 60.48
1511240119, 358, 21, 23, 0, 0, 0.43%, 1, 0, 3, 64.10
1511240124, 359, 20, 23, 0, 0, 0.43%, 1, 0, 3, 59.19
1511240129, 359, 21, 23, 0, 0, 0.43%, 1, 0, 3, 61.14
1511240134, 360, 21, 23, 0, 0, 0.43%, 1, 0, 3, 57.32
1511240139, 361, 21, 23, 0, 0, 0.43%, 1, 0, 3, 57.74
1511240144, 362, 21, 23, 0, 0, 0.43%, 1, 0, 3, 62.43
1511240149, 363, 21, 23, 0, 0, 0.43%, 1, 0, 3, 60.36
1511240154, 364, 21, 23, 0, 0, 0.43%, 1, 0, 3, 62.10
1511240159, 365, 21, 23, 0, 0, 0.43%, 1, 0, 3, 60.01
1511240165, 366, 12, 23, 0, 0, 0.43%, 1, 0, 3, 57.45
1511240170, 366, 13, 23, 0, 0, 0.43%, 1, 0, 3, 60.55
1511240175, 366, 18, 23, 0, 0, 0.43%, 1, 0, 3, 57.97
1511240180, 366, 21, 23, 0, 0, 0.43%, 1, 0, 3, 61.64
1511240185, 367, 5, 23, 0, 0, 0.43%, 1, 0, 3, 56.93
1511240191, 368, 21, 23, 0, 0, 0.43%, 1, 0, 3, 58.16
1511240196, 369, 1, 23, 0, 0, 0.43%, 1, 0, 3, 54.31
1511240201, 369, 8, 23, 0, 0, 0.43%, 1, 0, 3, 59.99
1511240206, 369, 9, 23, 0, 0, 0.43%, 1, 0, 3, 58.42
1511240211, 369, 21, 23, 0, 0, 0.43%, 1, 0, 3, 57.25
1511240216, 370, 11, 23, 0, 0, 0.43%, 1, 0, 3, 62.93
1511240221, 370, 21, 23, 0, 0, 0.43%, 1, 0, 3, 62.91
1511240226, 371, 21, 23, 0, 0, 0.43%, 1, 0, 3, 62.74
1511240232, 372, 21, 23, 0, 0, 0.43%, 1, 0, 3, 60.63
1511240237, 373, 11, 23, 0, 0, 0.43%, 1, 0, 3, 62.37
1511240242, 373, 20, 23, 0, 0, 0.43%, 1, 0, 3, 57.23
1511240247, 373, 21, 23, 0, 0, 0.43%, 1, 0, 3, 60.65
1511240252, 374, 2, 23, 0, 0, 0.43%, 1, 0, 3, 60.60
1511240257, 374, 21, 23, 0, 0, 0.43%, 1, 0, 3, 60.00
1511240262, 375, 10, 23, 0, 0, 0.43%, 1, 0, 3, 64.85
1511240268, 375, 12, 23, 0, 0, 0.43%, 1, 0, 3, 61.26
1511240273, 375, 21, 23, 0, 0, 0.43%, 1, 0, 3, 60.41
1511240278, 376, 14, 23, 0, 0, 0.43%, 1, 0, 3, 57.97
1511240283, 377, 8, 23, 0, 0, 0.43%, 1, 0, 3, 59.99
1511240288, 377, 21, 23, 0, 0, 0.43%, 1, 0, 3, 55.70
1511240294, 378, 0, 23, 0, 0, 0.43%, 1, 0, 3, 55.99
1511240299, 378, 21, 23, 0, 0, 0.43%, 1, 0, 3, 65.11
1511240304, 379, 9, 23, 0, 0, 0.43%, 1, 0, 3, 59.35
1511240309, 379, 21, 23, 0, 0, 0.43%, 1, 0, 3, 60.03
1511240314, 380, 10, 23, 0, 0, 0.43%, 1, 0, 3, 60.99
1511240319, 380, 21, 23, 0, 0, 0.43%, 1, 0, 3, 61.42
1511240324, 381, 18, 23, 0, 0, 0.43%, 1, 0, 3, 55.57
1511240330, 381, 19, 23, 0, 0, 0.43%, 1, 0, 3, 59.75
1511240335, 381, 21, 23, 0, 0, 0.43%, 1, 0, 3, 57.77
1511240340, 382, 18, 23, 0, 0, 0.43%, 1, 0, 3, 63.35
1511240345, 382, 21, 23, 0, 0, 0.43%, 1, 0, 3, 60.58
1511240350, 383, 21, 23, 0, 0, 0.43%, 1, 0, 3, 58.50
1511240355, 384, 1, 23, 0, 0, 0.43%, 1, 0, 3, 65.72
1511240360, 384, 5, 23, 0, 0, 0.43%, 1, 0, 3, 58.05
1511240366, 384, 9, 23, 0, 0, 0.43%, 1, 0, 3, 63.62
1511240371, 384, 21, 23, 0, 0, 0.43%, 1, 0, 3, 59.98
1511240376, 385, 20, 23, 0, 0, 0.43%, 1, 0, 3, 58.33
1511240381, 386, 5, 23, 0, 0, 0.43%, 1, 0, 3, 58.70
1511240386, 386, 21, 23, 0, 0, 0.43%, 1, 0, 3, 62.52
1511240391, 387, 6, 23, 0, 0, 0.43%, 1, 0, 3, 58.10
1511240396, 388, 12, 23, 0, 0, 0.43%, 1, 0, 3, 62.10
1511240406, 388, 21, 23, 0, 0, 0.43%, 1, 0, 3, 60.31
1511240412, 389, 4, 23, 0, 0, 0.43%, 1, 0, 3, 60.72
1511240417, 389, 10, 23, 0, 0, 0.43%, 1, 0, 3, 57.24
1511240422, 389, 14, 23, 0, 0, 0.43%, 1, 0, 3, 60.16
1511240427, 389, 21, 23, 0, 0, 0.43%, 1, 0, 3, 58.77
1511240432, 390, 21, 23, 0, 0, 0.43%, 1, 0, 3, 64.39
1511240437, 390, 22, 23, 0, 0, 0.43%, 1, 0, 3, 54.85
1511240442, 391, 1, 23, 0, 0, 0.43%, 1, 0, 3, 53.00
1511240447, 391, 21, 23, 0, 0, 0.43%, 1, 0, 3, 59.57
1511240453, 392, 17, 23, 0, 0, 0.43%, 1, 0, 3, 61.07
1511240458, 393, 3, 23, 0, 0, 0.43%, 1, 0, 3, 60.98
1511240463, 393, 21, 23, 0, 0, 0.43%, 1, 0, 3, 55.05
1511240468, 394, 1, 23, 0, 0, 0.43%, 1, 0, 3, 58.73
1511240473, 394, 16, 23, 0, 0, 0.43%, 1, 0, 3, 58.29
1511240479, 394, 21, 23, 0, 0, 0.43%, 1, 0, 3, 55.83
1511240484, 395, 21, 23, 0, 0, 0.43%, 1, 0, 3, 54.89
1511240489, 397, 4, 23, 0, 0, 0.43%, 1, 0, 3, 61.84
1511240494, 397, 21, 23, 0, 0, 0.43%, 1, 0, 3, 56.46
1511240499, 398, 21, 23, 0, 0, 0.43%, 1, 0, 3, 55.38
1511240504, 399, 16, 23, 0, 0, 0.43%, 1, 0, 3, 56.62
1511240510, 399, 21, 23, 0, 0, 0.43%, 1, 0, 3, 57.30
1511240515, 400, 21, 23, 0, 0, 0.43%, 1, 0, 3, 60.03
1511240520, 401, 15, 23, 0, 0, 0.43%, 1, 0, 3, 59.92
1511240525, 402, 21, 23, 0, 0, 0.43%, 1, 0, 3, 60.08
1511240530, 403, 9, 23, 0, 0, 0.43%, 1, 0, 3, 57.97
1511240535, 403, 21, 23, 0, 0, 0.43%, 1, 0, 3, 58.53
1511240540, 404, 16, 23, 0, 0, 0.43%, 1, 0, 3, 61.13
1511240545, 404, 21, 23, 0, 0, 0.43%, 1, 0, 3, 61.46
1511240550, 406, 4, 23, 0, 0, 0.43%, 1, 0, 3, 58.08
1511240556, 406, 21, 23, 0, 0, 0.43%, 1, 0, 3, 56.16
1511240561, 407, 21, 23, 0, 0, 0.43%, 1, 0, 3, 57.04
1511240566, 408, 21, 23, 0, 0, 0.43%, 1, 0, 3, 61.59
1511240571, 409, 21, 23, 0, 0, 0.43%, 1, 0, 3, 60.88
1511240576, 410, 11, 23, 0, 0, 0.43%, 1, 0, 3, 56.29
1511240581, 410, 21, 23, 0, 0, 0.43%, 1, 0, 3, 58.15
1511240586, 410, 22, 23, 0, 0, 0.43%, 1, 0, 3, 62.56
1511240592, 411, 8, 23, 0, 0, 0.43%, 1, 0, 3, 55.48
1511240597, 412, 1, 23, 0, 0, 0.43%, 1, 0, 3, 65.45
1511240602, 412, 5, 23, 0, 0, 0.43%, 1, 0, 3, 56.60
1511240607, 412, 21, 23, 0, 0, 0.43%, 1, 0, 3, 53.19
1511240612, 413, 4, 23, 0, 0, 0.43%, 1, 0, 3, 59.95
1511240617, 413, 18, 23, 0, 0, 0.43%, 1, 0, 3, 60.63
1511240622, 413, 21, 23, 0, 0, 0.43%, 1, 0, 3, 54.73
1511240628, 414, 21, 23, 0, 0, 0.43%, 1, 0, 3, 58.70
1511240633, 415, 11, 23, 0, 0, 0.43%, 1, 0, 3, 59.95
1511240638, 415, 21, 23, 0, 0, 0.43%, 1, 0, 3, 56.20
1511240643, 417, 9, 23, 0, 0, 0.43%, 1, 0, 3, 61.26
1511240648, 417, 21, 23, 0, 0, 0.43%, 1, 0, 3, 57.40
1511240653, 418, 21, 23, 0, 0, 0.43%, 1, 0, 3, 58.93
1511240658, 419, 5, 23, 0, 0, 0.43%, 1, 0, 3, 57.38
1511240663, 419, 21, 23, 0, 0, 0.43%, 1, 0, 3, 64.68
1511240669, 420, 21, 23, 0, 0, 0.43%, 1, 0, 3, 63.74
1511240674, 421, 6, 23, 0, 0, 0.43%, 1, 0, 3, 61.82
1511240679, 421, 21, 23, 0, 0, 0.43%, 1, 0, 3, 59.45
1511240684, 422, 21, 23, 0, 0, 0.43%, 1, 0, 3, 57.13
1511240689, 423, 3, 23, 0, 0, 0.43%, 1, 0, 3, 55.84
1511240694, 423, 21, 23, 0, 0, 0.43%, 1, 0, 3, 57.61
1511240699, 424, 9, 23, 0, 0, 0.43%, 1, 0, 3, 61.70
1511240704, 424, 18, 23, 0, 0, 0.43%, 1, 0, 3, 58.66
1511240710, 424, 19, 23, 0, 0, 0.43%, 1, 0, 3, 57.90
1511240715, 424, 21, 23, 0, 0, 0.43%, 1, 0, 3, 60.43
1511240720, 425, 20, 23, 0, 0, 0.43%, 1, 0, 3, 57.21
1511240725, 425, 21, 23, 0, 0, 0.43%, 1, 0, 3, 55.03
1511240730, 426, 21, 23, 0, 0, 0.43%, 1, 0, 3, 58.56
1511240735, 427, 5, 23, 0, 0, 0.43%, 1, 0, 3, 64.16
1511240741, 427, 21, 23, 0, 0, 0.43%, 1, 0, 3, 63.21
1511240746, 428, 6, 23, 0, 0, 0.43%, 1, 0, 3, 61.87
1511240751, 428, 21, 23, 0, 0, 0.43%, 1, 0, 3, 56.20
1511240756, 429, 21, 23, 0, 0, 0.43%, 1, 0, 3, 55.71
1511240761, 430, 21, 23, 0, 0, 0.43%, 1, 0, 3, 62.73
1511240766, 431, 4, 23, 0, 0, 0.43%, 1, 0, 3, 58.22
1511240772, 431, 21, 23, 0, 0, 0.43%, 1, 0, 3, 54.68
1511240777, 432, 21, 23, 0, 0, 0.43%, 1, 0, 3, 57.63
1511240782, 433, 11, 23, 0, 0, 0.43%, 1, 0, 3, 58.50
1511240787, 433, 21, 23, 0, 0, 0.43%, 1, 0, 3, 58.68
1511240792, 434, 21, 23, 0, 0, 0.43%, 1, 0, 3, 55.54
1511240797, 435, 21, 23, 0, 0, 0.43%, 1, 0, 3, 62.45
1511240802, 436, 11, 23, 0, 0, 0.43%, 1, 0, 3, 54.84
1511240808, 436, 17, 23, 0, 0, 0.43%, 1, 0, 3, 56.54
1511240813, 436, 21, 23, 0, 0, 0.43%, 1, 0, 3, 57.66
1511240818, 438, 16, 23, 0, 0, 0.43%, 1, 0, 3, 58.87
1511240823, 438, 21, 23, 0, 0, 0.43%, 1, 0, 3, 54.52
1511240828, 439, 21, 23, 0, 0, 0.43%, 1, 0, 3, 56.67
1511240833, 440, 12, 23, 0, 0, 0.43%, 1, 0, 3, 55.41
1511240839, 440, 17, 23, 0, 0, 0.43%, 1, 0, 3, 56.23
1511240844, 440, 21, 23, 0, 0, 0.43%, 1, 0, 3, 59.42
1511240849, 441, 2, 23, 0, 0, 0.43%, 1, 0, 3, 59.74
1511240854, 441, 21, 23, 0, 0, 0.43%, 1, 0, 3, 64.24
1511240859, 442, 21, 23, 0, 0, 0.43%, 1, 0, 3, 58.16
1511240864, 443, 15, 23, 0, 0, 0.43%, 1, 0, 3, 64.26
1511240869, 443, 19, 23, 0, 0, 0.43%, 1, 0, 3, 59.18
1511240874, 443, 21, 23, 0, 0, 0.43%, 1, 0, 3, 54.01
1511240879, 444, 6, 23, 0, 0, 0.43%, 1, 0, 3, 60.78
1511240884, 444, 9, 23, 0, 0, 0.43%, 1, 0, 3, 57.78
1511240890, 444, 17, 23, 0, 0, 0.43%, 1, 0, 3, 57.45
1511240895, 445, 10, 23, 0, 0, 0.43%, 1, 0, 3, 58.30
1511240900, 445, 21, 23, 0, 0, 0.43%, 1, 0, 3, 62.40
1511240905, 446, 21, 23, 0, 0, 0.43%, 1, 0, 3, 66.18
1511240910, 447, 21, 23, 0, 0, 0.43%, 1, 0, 3, 64.19
1511240915, 448, 4, 23, 0, 0, 0.43%, 1, 0, 3, 60.64
1511240920, 448, 11, 23, 0, 0, 0.43%, 1, 0, 3, 56.44
1511240925, 448, 15, 23, 0, 0, 0.43%, 1, 0, 3, 55.83
1511240930, 448, 21, 23, 0, 0, 0.43%, 1, 0, 3, 50.26
1511240936, 449, 21, 23, 0, 0, 0.43%, 1, 0, 3, 55.37
1511240941, 450, 19, 23, 0, 0, 0.43%, 1, 0, 3, 57.96
1511240946, 450, 21, 23, 0, 0, 0.43%, 1, 0, 3, 60.67
1511240951, 451, 4, 23, 0, 0, 0.43%, 1, 0, 3, 64.01
1511240956, 451, 13, 23, 0, 0, 0.43%, 1, 0, 3, 56.05
1511240961, 451, 21, 23, 0, 0, 0.43%, 1, 0, 3, 61.00
1511240966, 452, 7, 23, 0, 0, 0.43%, 1, 0, 3, 56.92
1511240972, 452, 22, 23, 0, 0, 0.43%, 1, 0, 3, 60.31
1511240977, 453, 9, 23, 0, 0, 0.43%, 1, 0, 3, 57.53
1511240982, 453, 21, 23, 0, 0, 0.43%, 1, 0, 3, 63.70
1511240987, 454, 16, 23, 0, 0, 0.43%, 1, 0, 3, 60.77
1511240992, 454, 17, 23, 0, 0, 0.43%, 1, 0, 3, 60.06
1511240997, 454, 21, 23, 0, 0, 0.43%, 1, 0, 3, 62.35
1511241002, 455, 21, 23, 0, 0, 0.43%, 1, 0, 3, 58.48
1511241008, 456, 8, 23, 0, 0, 0.43%, 1, 0, 3, 60.70
1511241013, 456, 10, 23, 0, 0, 0.43%, 1, 0, 3, 60.05
1511241018, 456, 21, 23, 0, 0, 0.43%, 1, 0, 3, 60.80
1511241023, 457, 6, 23, 0, 0, 0.43%, 1, 0, 3, 61.79
1511241028, 457, 21, 23, 0, 0, 0.43%, 1, 0, 3, 58.14
1511241033, 458, 21, 23, 0, 0, 0.43%, 1, 0, 3, 57.57
1511241038, 459, 21, 23, 0, 0, 0.43%, 1, 0, 3, 60.75
1511241043, 460, 12, 23, 0, 0, 0.43%, 1, 0, 3, 55.46
1511241048, 460, 21, 23, 0, 0, 0.43%, 1, 0, 3, 63.91
1511241053, 461, 21, 23, 0, 0, 0.43%, 1, 0, 3, 66.09
1511241059, 462, 21, 23, 0, 0, 0.43%, 1, 0, 3, 63.44
1511241064, 463, 1, 23, 0, 0, 0.43%, 1, 0, 3, 58.99
1511241069, 463, 21, 23, 0, 0, 0.43%, 1, 0, 3, 57.88
1511241074, 463, 22, 23, 0, 0, 0.43%, 1, 0, 3, 58.21
1511241079, 464, 11, 23, 0, 0, 0.43%, 1, 0, 3, 61.93
1511241085, 464, 21, 23, 0, 0, 0.43%, 1, 0, 3, 59.76
1511241090, 465, 21, 23, 0, 0, 0.43%, 1, 0, 3, 64.59
1511241095, 466, 21, 23, 0, 0, 0.43%, 1, 0, 3, 58.37
1511241100, 467, 14, 23, 0, 0, 0.43%, 1, 0, 3, 60.42
1511241105, 467, 21, 23, 0, 0, 0.43%, 1, 0, 3, 60.12
1511241110, 468, 12, 23, 0, 0, 0.43%, 1, 0, 3, 57.38
1511241115, 468, 21, 23, 0, 0, 0.43%, 1, 0, 3, 59.24
1511241121, 469, 11, 23, 0, 0, 0.43%, 1, 0, 3, 60.03
1511241126, 469, 12, 23, 0, 0, 0.43%, 1, 0, 3, 54.56
1511241131, 469, 21, 23, 0, 0, 0.43%, 1, 0, 3, 52.80
1511241136, 470, 21, 23, 0, 0, 0.43%, 1, 0, 3, 56.50
1511241141, 471, 8, 23, 0, 0, 0.43%, 1, 0, 3, 61.56
1511241146, 471, 21, 23, 0, 0, 0.43%, 1, 0, 3, 62.46
1511241151, 472, 13, 23, 0, 0, 0.43%, 1, 0, 3, 60.93
1511241156, 472, 21, 23, 0, 0, 0.43%, 1, 0, 3, 60.56
1511241162, 473, 10, 23, 0, 0, 0.43%, 1, 0, 3, 59.93
1511241167, 473, 21, 23, 0, 0, 0.43%, 1, 0, 3, 61.29
1511241172, 474, 21, 23, 0, 0, 0.43%, 1, 0, 3, 60.01
1511241177, 475, 17, 23, 0, 0, 0.43%, 1, 0, 3, 60.37
1511241182, 475, 21, 23, 0, 0, 0.43%, 1, 0, 3, 59.95
1511241187, 476, 21, 23, 0, 0, 0.43%, 1, 0, 3, 61.15
1511241192, 477, 7, 23, 0, 0, 0.43%, 1, 0, 3, 62.16
1511241197, 477, 21, 23, 0, 0, 0.43%, 1, 0, 3, 62.43
1511241202, 478, 15, 23, 0, 0, 0.43%, 1, 0, 3, 61.53
1511241207, 478, 20, 23, 0, 0, 0.43%, 1, 0, 3, 61.73
1511241213, 478, 21, 23, 0, 0, 0.43%, 1, 0, 3, 56.92
1511241218, 479, 18, 23, 0, 0, 0.43%, 1, 0, 3, 56.22
1511241223, 479, 21, 23, 0, 0, 0.43%, 1, 0, 3, 56.47
1511241228, 480, 21, 23, 0, 0, 0.43%, 1, 0, 3, 56.72
1511241233, 480, 22, 23, 0, 0, 0.43%, 1, 0, 3, 57.99
1511241238, 481, 21, 23, 0, 0, 0.43%, 1, 0, 3, 56.64
1511241244, 482, 17, 23, 0, 0, 0.43%, 1, 0, 3, 58.76
1511241249, 482, 21, 23, 0, 0, 0.43%, 1, 0, 3, 63.40
1511241254, 483, 2, 23, 0, 0, 0.43%, 1, 0, 3, 62.80
1511241259, 483, 21, 23, 0, 0, 0.43%, 1, 0, 3, 58.56
1511241264, 485, 21, 23, 0, 0, 0.43%, 1, 0, 3, 59.73
1511241269, 486, 21, 23, 0, 0, 0.43%, 1, 0, 3, 60.62
1511241274, 487, 3, 23, 0, 0, 0.43%, 1, 0, 3, 61.02
1511241279, 487, 8, 23, 0, 0, 0.43%, 1, 0, 3, 59.87
1511241284, 487, 21, 23, 0, 0, 0.43%, 1, 0, 3, 55.77
1511241289, 488, 21, 23, 0, 0, 0.43%, 1, 0, 3, 56.38
1511241295, 489, 14, 23, 0, 0, 0.43%, 1, 0, 3, 57.50
1511241300, 489, 15, 23, 0, 0, 0.43%, 1, 0, 3, 55.17
1511241305, 489, 21, 23, 0, 0, 0.43%, 1, 0, 3, 61.59
1511241310, 490, 21, 23, 0, 0, 0.43%, 1, 0, 3, 60.73
1511241315, 490, 22, 23, 0, 0, 0.43%, 1, 0, 3, 56.92
1511241320, 491, 1, 23, 0, 0, 0.43%, 1, 0, 3, 61.93
1511241325, 491, 21, 23, 0, 0, 0.43%, 1, 0, 3, 63.07
1511241331, 492, 21, 23, 0, 0, 0.43%, 1, 0, 3, 64.23
1511241336, 493, 1, 23, 0, 0, 0.43%, 1, 0, 3, 56.90
1511241341, 493, 12, 23, 0, 0, 0.43%, 1, 0, 3, 55.48
1511241346, 493, 21, 23, 0, 0, 0.43%, 1, 0, 3, 60.14
1511241351, 494, 16, 23, 0, 0, 0.43%, 1, 0, 3, 58.40
1511241356, 495, 0, 23, 0, 0, 0.43%, 1, 0, 3, 58.90
1511241361, 495, 16, 23, 0, 0, 0.43%, 1, 0, 3, 61.98
1511241367, 495, 21, 23, 0, 0, 0.43%, 1, 0, 3, 60.42
1511241372, 496, 21, 23, 0, 0, 0.43%, 1, 0, 3, 55.98
1511241377, 497, 21, 23, 0, 0, 0.43%, 1, 0, 3, 60.04
1511241382, 498, 3, 23, 0, 0, 0.43%, 1, 0, 3, 61.72
1511241387, 498, 10, 23, 0, 0, 0.43%, 1, 0, 3, 61.46
1511241392, 499, 21, 23, 0, 0, 0.43%, 1, 0, 3, 59.67
1511241397, 500, 21, 23, 0, 0, 0.43%, 1, 0, 3, 61.40
1511241402, 501, 20, 23, 0, 0, 0.43%, 1, 0, 3, 60.35
1511241407, 501, 21, 23, 0, 0, 0.43%, 1, 0, 3, 55.67
1511241413, 502, 21, 23, 0, 0, 0.43%, 1, 0, 3, 55.01
1511241418, 503, 21, 23, 0, 0, 0.43%, 1, 0, 3, 60.49
1511241423, 504, 21, 23, 0, 0, 0.43%, 1, 0, 3, 60.42
1511241428, 505, 21, 23, 0, 0, 0.43%, 1, 0, 3, 57.05
1511241433, 506, 21, 23, 0, 0, 0.43%, 1, 0, 3, 55.51
1511241438, 507, 3, 23, 0, 0, 0.43%, 1, 0, 3, 54.71
1511241443, 507, 4, 23, 0, 0, 0.43%, 1, 0, 3, 58.88
1511241448, 507, 13, 23, 0, 0, 0.43%, 1, 0, 3, 58.74
1511241454, 507, 17, 23, 0, 0, 0.43%, 1, 0, 3, 58.42
1511241459, 507, 20, 23, 0, 0, 0.43%, 1, 0, 3, 58.57
1511241464, 508, 2, 23, 0, 0, 0.43%, 1, 0, 3, 58.74
1511241469, 508, 8, 23, 0, 0, 0.43%, 1, 0, 3, 58.27
1511241475, 508, 9, 23, 0, 0, 0.43%, 1, 0, 3, 60.27
1511241480, 508, 13, 23, 0, 0, 0.43%, 1, 0, 3, 58.65
1511241485, 508, 21, 23, 0, 0, 0.43%, 1, 0, 3, 58.72
1511241490, 509, 15, 23, 0, 0, 0.43%, 1, 0, 3, 55.81
1511241495, 509, 21, 23, 0, 0, 0.43%, 1, 0, 3, 61.92
1511241500, 510, 17, 23, 0, 0, 0.43%, 1, 0, 3, 66.70
1511241505, 510, 21, 23, 0, 0, 0.43%, 1, 0, 3, 61.20
1511241510, 511, 3, 23, 0, 0, 0.43%, 1, 0, 3, 61.67
1511241515, 511, 21, 23, 0, 0, 0.43%, 1, 0, 3, 57.29
1511241520, 512, 21, 23, 0, 0, 0.43%, 1, 0, 3, 61.80
1511241525, 513, 21, 23, 0, 0, 0.43%, 1, 0, 3, 56.21
