# unix_time, cycles_done, cur_path, paths_total, pending_total, pending_favs, map_size, unique_crashes, unique_hangs, max_depth, execs_per_sec
1512165184, 0, 0, 1, 1, 1, 0.52%, 0, 0, 1, 75.47
1512165189, 0, 0, 9, 9, 1, 0.53%, 0, 0, 2, 79.21
1512165194, 0, 0, 11, 11, 1, 0.53%, 0, 0, 2, 78.51
1512165199, 0, 0, 12, 12, 1, 0.53%, 0, 0, 2, 78.45
1512165209, 0, 0, 14, 14, 1, 0.53%, 0, 0, 2, 77.57
1512165225, 0, 0, 15, 15, 1, 0.53%, 0, 0, 2, 77.29
1512165302, 0, 0, 16, 16, 1, 0.53%, 0, 0, 2, 77.24
1512165354, 0, 0, 21, 21, 1, 0.53%, 0, 0, 2, 78.51
1512165364, 0, 0, 22, 22, 1, 0.53%, 0, 0, 2, 78.63
1512165385, 0, 0, 23, 23, 1, 0.53%, 0, 0, 2, 78.56
1512165400, 0, 0, 31, 31, 1, 0.53%, 0, 0, 2, 78.42
1512165415, 0, 0, 34, 34, 1, 0.53%, 0, 0, 2, 78.81
1512165436, 0, 0, 35, 35, 1, 0.53%, 0, 0, 2, 78.11
1512165476, 0, 0, 38, 38, 1, 0.53%, 2, 0, 2, 104.32
1512165482, 0, 0, 39, 39, 1, 0.53%, 3, 0, 2, 109.00
1512165487, 0, 0, 41, 41, 1, 0.53%, 4, 0, 2, 115.92
1512165522, 0, 0, 41, 41, 1, 0.53%, 5, 0, 2, 121.56
1512165532, 0, 0, 43, 43, 1, 0.53%, 5, 0, 2, 115.05
1512165547, 0, 0, 44, 44, 1, 0.53%, 5, 0, 2, 115.15
1512165557, 0, 0, 45, 45, 1, 0.53%, 6, 0, 2, 118.34
1512165573, 0, 0, 46, 46, 1, 0.53%, 6, 0, 2, 121.63
1512165583, 0, 0, 47, 47, 1, 0.53%, 6, 0, 2, 119.04
1512165608, 0, 0, 48, 48, 1, 0.53%, 6, 0, 2, 117.73
1512165613, 0, 31, 48, 47, 1, 0.53%, 6, 0, 2, 118.61
1512165680, 0, 31, 49, 48, 1, 0.53%, 6, 0, 3, 79.60
1512165778, 0, 31, 50, 49, 1, 0.53%, 6, 0, 3, 80.09
1512165809, 0, 31, 51, 50, 1, 0.53%, 6, 0, 3, 80.05
1512165901, 0, 49, 51, 49, 1, 0.53%, 6, 0, 3, 110.86
1512165931, 0, 49, 52, 50, 1, 0.53%, 6, 0, 4, 80.71
1512166120, 1, 2, 52, 49, 0, 0.53%, 6, 0, 4, 95.52
1512166334, 1, 2, 53, 50, 0, 0.53%, 6, 0, 4, 125.59
1512166340, 1, 15, 53, 49, 0, 0.53%, 6, 0, 4, 111.70
1512166558, 1, 21, 53, 48, 0, 0.53%, 6, 0, 4, 106.99
1512166777, 1, 24, 53, 47, 0, 0.53%, 6, 0, 4, 107.85
1512166844, 1, 24, 54, 48, 0, 0.53%, 6, 0, 4, 80.40
1512166967, 1, 24, 55, 49, 0, 0.53%, 6, 0, 4, 80.03
1512166998, 1, 54, 55, 48, 1, 0.53%, 6, 0, 4, 95.32
1512167086, 1, 54, 56, 49, 1, 0.53%, 6, 0, 4, 81.59
1512167153, 1, 54, 57, 50, 1, 0.53%, 6, 0, 4, 81.45
1512167215, 1, 56, 57, 49, 1, 0.53%, 6, 0, 4, 137.20
1512167226, 1, 56, 58, 50, 1, 0.53%, 6, 0, 5, 85.31
1512167344, 1, 56, 60, 52, 1, 0.53%, 6, 0, 5, 82.15
1512167375, 1, 56, 63, 55, 1, 0.53%, 6, 0, 5, 83.11
1512167446, 1, 60, 63, 54, 1, 0.53%, 6, 0, 5, 108.75
1512167574, 1, 60, 64, 55, 1, 0.53%, 6, 0, 6, 83.17
1512167584, 1, 60, 65, 56, 1, 0.53%, 6, 0, 6, 82.96
1512167665, 1, 60, 66, 57, 1, 0.53%, 6, 0, 6, 138.02
1512167670, 1, 60, 67, 58, 1, 0.53%, 6, 0, 6, 144.61
1512167716, 1, 66, 77, 67, 1, 0.53%, 6, 0, 7, 137.48
1512167721, 1, 66, 81, 71, 1, 0.53%, 6, 0, 7, 129.00
1512167902, 1, 66, 82, 72, 1, 0.53%, 6, 0, 7, 156.36
1512167922, 1, 71, 82, 71, 0, 0.53%, 6, 0, 7, 154.42
1512168183, 1, 71, 82, 71, 0, 0.53%, 7, 0, 7, 144.53
1512168194, 2, 5, 82, 70, 0, 0.53%, 7, 0, 7, 121.76
1512168423, 2, 6, 82, 69, 0, 0.53%, 7, 0, 7, 119.54
1512168708, 2, 8, 82, 68, 0, 0.53%, 7, 0, 7, 93.52
1512168938, 2, 9, 82, 67, 0, 0.53%, 7, 0, 7, 106.95
1512169172, 2, 17, 82, 66, 0, 0.53%, 7, 0, 7, 91.91
1512169421, 2, 19, 82, 65, 0, 0.53%, 7, 0, 7, 110.16
1512169654, 2, 22, 82, 64, 0, 0.53%, 7, 0, 7, 111.27
1512169888, 2, 26, 82, 63, 0, 0.53%, 7, 0, 7, 122.12
1512170123, 2, 29, 82, 62, 0, 0.53%, 7, 0, 7, 119.29
1512170454, 2, 33, 82, 61, 0, 0.53%, 7, 0, 7, 89.23
1512170718, 2, 37, 82, 60, 0, 0.53%, 7, 0, 7, 120.94
1512171067, 2, 47, 82, 59, 0, 0.53%, 7, 0, 7, 94.45
1512171304, 2, 50, 82, 58, 0, 0.53%, 7, 0, 7, 117.30
1512171648, 2, 51, 82, 57, 0, 0.53%, 7, 0, 7, 101.08
1512171910, 2, 58, 82, 56, 0, 0.53%, 7, 0, 7, 128.91
1512172181, 2, 59, 82, 55, 0, 0.53%, 7, 0, 7, 98.80
1512172468, 2, 64, 82, 54, 0, 0.53%, 7, 0, 7, 116.28
1512172739, 2, 70, 82, 53, 0, 0.53%, 7, 0, 7, 130.10
1512173051, 2, 72, 82, 52, 0, 0.53%, 7, 0, 7, 122.85
1512173393, 2, 73, 82, 51, 0, 0.53%, 7, 0, 7, 134.31
1512173706, 2, 74, 82, 50, 0, 0.53%, 7, 0, 7, 121.98
1512174013, 2, 75, 82, 49, 0, 0.53%, 7, 0, 7, 142.03
1512174356, 2, 76, 82, 48, 0, 0.53%, 7, 0, 7, 141.78
1512174656, 2, 78, 82, 47, 0, 0.53%, 7, 0, 7, 141.35
1512174944, 2, 80, 82, 46, 0, 0.53%, 7, 0, 7, 162.54
1512175266, 3, 0, 82, 45, 0, 0.53%, 7, 0, 7, 145.25
1512175271, 3, 3, 82, 45, 0, 0.53%, 7, 0, 7, 94.64
1512175629, 3, 12, 82, 44, 0, 0.53%, 7, 0, 7, 129.85
1512175899, 3, 18, 82, 43, 0, 0.53%, 7, 0, 7, 121.90
1512176260, 3, 30, 82, 42, 0, 0.53%, 7, 0, 7, 109.19
1512176530, 3, 32, 82, 41, 0, 0.53%, 7, 0, 7, 98.75
1512176799, 3, 42, 82, 40, 0, 0.53%, 7, 0, 7, 106.10
1512177179, 3, 48, 82, 39, 0, 0.53%, 7, 0, 7, 101.00
1512177541, 3, 51, 82, 38, 0, 0.53%, 7, 0, 7, 132.88
1512177546, 3, 57, 82, 38, 0, 0.53%, 7, 0, 7, 128.61
1512177832, 3, 61, 82, 37, 0, 0.53%, 7, 0, 7, 118.47
1512178114, 3, 63, 82, 36, 0, 0.53%, 7, 0, 7, 110.22
1512178484, 3, 65, 82, 35, 0, 0.53%, 7, 0, 7, 99.40
1512178808, 3, 67, 82, 34, 0, 0.53%, 7, 0, 7, 153.88
1512179043, 3, 79, 82, 33, 0, 0.53%, 7, 0, 7, 139.03
1512179346, 4, 0, 82, 32, 0, 0.53%, 7, 0, 7, 142.34
1512179351, 4, 1, 82, 32, 0, 0.53%, 7, 0, 7, 96.01
1512179625, 4, 12, 82, 31, 0, 0.53%, 7, 0, 7, 128.64
1512179630, 4, 25, 82, 31, 0, 0.53%, 7, 0, 7, 96.97
1512179900, 4, 28, 82, 30, 0, 0.53%, 7, 0, 7, 93.51
1512180171, 4, 38, 82, 29, 0, 0.53%, 7, 0, 7, 129.81
1512180543, 4, 41, 82, 28, 0, 0.53%, 7, 0, 7, 101.44
1512180931, 4, 43, 82, 27, 0, 0.53%, 7, 0, 7, 123.18
1512181202, 4, 44, 82, 26, 0, 0.53%, 7, 0, 7, 97.60
1512181569, 4, 57, 82, 25, 0, 0.53%, 7, 0, 7, 137.40
1512181574, 4, 71, 82, 25, 0, 0.53%, 7, 0, 7, 147.62
1512181579, 4, 76, 82, 25, 0, 0.53%, 7, 0, 7, 147.70
1512181584, 5, 0, 82, 25, 0, 0.53%, 7, 0, 7, 138.59
1512181589, 5, 10, 82, 25, 0, 0.53%, 7, 0, 7, 98.54
1512181862, 5, 11, 82, 24, 0, 0.53%, 7, 0, 7, 104.31
1512182198, 5, 36, 82, 23, 0, 0.53%, 7, 0, 7, 97.21
1512182571, 5, 39, 82, 22, 0, 0.53%, 7, 0, 7, 90.93
1512182958, 5, 46, 82, 21, 0, 0.53%, 7, 0, 7, 91.59
1512183269, 5, 53, 82, 20, 0, 0.53%, 7, 0, 7, 97.75
1512183635, 5, 55, 82, 19, 0, 0.53%, 7, 0, 7, 113.60
1512183923, 5, 62, 82, 18, 0, 0.53%, 7, 0, 7, 97.16
1512184287, 5, 66, 82, 17, 0, 0.53%, 7, 0, 7, 142.85
1512184292, 5, 74, 82, 17, 0, 0.53%, 7, 0, 7, 143.28
1512184297, 5, 75, 82, 17, 0, 0.53%, 7, 0, 7, 145.55
1512184302, 6, 0, 82, 17, 0, 0.53%, 7, 0, 7, 136.28
1512184308, 6, 4, 82, 17, 0, 0.53%, 7, 0, 7, 93.85
1512184581, 6, 33, 82, 16, 0, 0.53%, 7, 0, 7, 131.46
1512184586, 6, 77, 82, 16, 0, 0.53%, 7, 0, 7, 144.97
1512184888, 7, 0, 82, 15, 0, 0.53%, 7, 0, 7, 148.83
1512184894, 7, 16, 82, 15, 0, 0.53%, 7, 0, 7, 101.00
1512185165, 7, 20, 82, 14, 0, 0.53%, 7, 0, 7, 93.62
1512185530, 7, 66, 82, 13, 0, 0.53%, 7, 0, 7, 144.88
1512185535, 7, 69, 82, 13, 0, 0.53%, 7, 0, 7, 116.11
1512185859, 7, 81, 82, 12, 0, 0.53%, 7, 0, 7, 105.26
1512186206, 8, 0, 82, 11, 0, 0.53%, 7, 0, 7, 140.06
1512186211, 8, 7, 82, 11, 0, 0.53%, 7, 0, 7, 112.50
1512186577, 8, 13, 82, 10, 0, 0.53%, 7, 0, 7, 119.22
1512186851, 8, 15, 82, 9, 0, 0.53%, 7, 0, 7, 126.13
1512186856, 8, 23, 82, 9, 0, 0.53%, 7, 0, 7, 103.87
1512187218, 8, 27, 82, 8, 0, 0.53%, 7, 0, 7, 108.15
1512187488, 8, 35, 82, 7, 0, 0.53%, 7, 0, 7, 107.59
1512187856, 8, 48, 82, 6, 0, 0.53%, 7, 0, 7, 125.43
1512187861, 8, 52, 82, 6, 0, 0.53%, 7, 0, 7, 98.97
1512188232, 8, 66, 82, 5, 0, 0.53%, 7, 0, 7, 146.03
1512188237, 8, 72, 82, 5, 0, 0.53%, 7, 0, 7, 149.03
1512188242, 9, 11, 82, 5, 0, 0.53%, 7, 0, 7, 132.74
1512188247, 9, 26, 82, 5, 0, 0.53%, 7, 0, 7, 128.51
1512188252, 9, 34, 82, 5, 0, 0.53%, 7, 0, 7, 107.05
1512188524, 9, 42, 82, 4, 0, 0.53%, 7, 0, 7, 120.43
1512188529, 9, 52, 82, 4, 0, 0.53%, 7, 0, 7, 132.58
1512188535, 9, 61, 82, 4, 0, 0.53%, 7, 0, 7, 137.07
1512188540, 9, 64, 82, 4, 0, 0.53%, 7, 0, 7, 139.68
1512188545, 9, 66, 82, 4, 0, 0.53%, 7, 0, 7, 148.01
1512188550, 10, 3, 82, 4, 0, 0.53%, 7, 0, 7, 143.28
1512188555, 10, 44, 82, 4, 0, 0.53%, 7, 0, 7, 140.84
1512188560, 10, 45, 82, 4, 0, 0.53%, 7, 0, 7, 99.81
1512188831, 10, 52, 82, 3, 0, 0.53%, 7, 0, 7, 124.14
1512188836, 10, 66, 82, 3, 0, 0.53%, 7, 0, 7, 148.06
1512188841, 10, 68, 82, 3, 0, 0.53%, 7, 0, 7, 123.25
1512189164, 11, 0, 82, 2, 0, 0.53%, 7, 0, 7, 138.95
1512189169, 11, 4, 82, 2, 0, 0.53%, 7, 0, 7, 134.14
1512189174, 11, 40, 82, 2, 0, 0.53%, 7, 0, 7, 112.30
1512189474, 11, 52, 82, 1, 0, 0.53%, 7, 0, 7, 138.50
1512189479, 11, 66, 82, 1, 0, 0.53%, 7, 0, 7, 141.07
1512189484, 12, 0, 82, 1, 0, 0.53%, 7, 0, 7, 146.34
1512189489, 12, 52, 82, 1, 0, 0.53%, 7, 0, 7, 137.75
1512189495, 12, 63, 82, 1, 0, 0.53%, 7, 0, 7, 133.94
1512189500, 12, 66, 82, 1, 0, 0.53%, 7, 0, 7, 146.14
1512189505, 13, 15, 82, 1, 0, 0.53%, 7, 0, 7, 142.33
1512189510, 13, 27, 82, 1, 0, 0.53%, 7, 0, 7, 134.95
1512189515, 13, 52, 82, 1, 0, 0.53%, 7, 0, 7, 133.00
1512189520, 13, 59, 82, 1, 0, 0.53%, 7, 0, 7, 137.45
1512189525, 13, 66, 82, 1, 0, 0.53%, 7, 0, 7, 150.00
1512189531, 13, 70, 82, 1, 0, 0.53%, 7, 0, 7, 151.60
1512189536, 13, 75, 82, 1, 0, 0.53%, 7, 0, 7, 143.12
1512189541, 13, 76, 82, 1, 0, 0.53%, 7, 0, 7, 143.40
1512189546, 14, 36, 82, 1, 0, 0.53%, 7, 0, 7, 137.08
1512189551, 14, 66, 82, 1, 0, 0.53%, 7, 0, 7, 135.42
1512189556, 15, 0, 82, 1, 0, 0.53%, 7, 0, 7, 136.26
1512189561, 15, 12, 82, 1, 0, 0.53%, 7, 0, 7, 135.95
1512189566, 15, 52, 82, 1, 0, 0.53%, 7, 0, 7, 137.40
1512189571, 15, 56, 82, 1, 0, 0.53%, 7, 0, 7, 139.84
1512189576, 15, 66, 82, 1, 0, 0.53%, 7, 0, 7, 148.79
1512189581, 15, 72, 82, 1, 0, 0.53%, 7, 0, 7, 142.86
1512189587, 15, 77, 82, 1, 0, 0.53%, 7, 0, 7, 140.11
1512189592, 16, 1, 82, 1, 0, 0.53%, 7, 0, 7, 136.44
1512189597, 16, 66, 82, 1, 0, 0.53%, 7, 0, 7, 143.45
1512189602, 16, 68, 82, 1, 0, 0.53%, 7, 0, 7, 145.65
1512189607, 16, 80, 82, 1, 0, 0.53%, 7, 0, 7, 148.03
1512189612, 17, 0, 82, 1, 0, 0.53%, 7, 0, 7, 139.80
1512189617, 17, 52, 82, 1, 0, 0.53%, 7, 0, 7, 136.50
1512189622, 17, 66, 82, 1, 0, 0.53%, 7, 0, 7, 144.54
1512189628, 18, 48, 82, 1, 0, 0.53%, 7, 0, 7, 134.63
1512189633, 18, 66, 82, 1, 0, 0.53%, 7, 0, 7, 141.68
1512189638, 18, 69, 82, 1, 0, 0.53%, 7, 0, 7, 146.33
1512189643, 19, 0, 82, 1, 0, 0.53%, 7, 0, 7, 146.24
1512189648, 19, 52, 82, 1, 0, 0.53%, 7, 0, 7, 136.34
1512189653, 19, 66, 82, 1, 0, 0.53%, 7, 0, 7, 148.54
1512189658, 19, 77, 82, 1, 0, 0.53%, 7, 0, 7, 148.41
1512189663, 19, 80, 82, 1, 0, 0.53%, 7, 0, 7, 147.72
1512189668, 20, 9, 82, 1, 0, 0.53%, 7, 0, 7, 133.91
1512189673, 20, 27, 82, 1, 0, 0.53%, 7, 0, 7, 139.83
1512189678, 20, 41, 82, 1, 0, 0.53%, 7, 0, 7, 140.39
1512189684, 20, 54, 82, 1, 0, 0.53%, 7, 0, 7, 132.79
1512189689, 20, 58, 82, 1, 0, 0.53%, 7, 0, 7, 139.16
1512189694, 20, 62, 82, 1, 0, 0.53%, 7, 0, 7, 139.26
1512189699, 20, 66, 82, 1, 0, 0.53%, 7, 0, 7, 143.71
1512189704, 21, 28, 82, 1, 0, 0.53%, 7, 0, 7, 139.47
1512189709, 21, 58, 82, 1, 0, 0.53%, 7, 0, 7, 132.18
1512189714, 21, 60, 82, 1, 0, 0.53%, 7, 0, 7, 131.97
1512189719, 21, 66, 82, 1, 0, 0.53%, 7, 0, 7, 141.98
1512189724, 22, 13, 82, 1, 0, 0.53%, 7, 0, 7, 144.36
1512189730, 22, 52, 82, 1, 0, 0.53%, 7, 0, 7, 139.66
1512189735, 22, 65, 82, 1, 0, 0.53%, 7, 0, 7, 135.62
1512189740, 22, 66, 82, 1, 0, 0.53%, 7, 0, 7, 145.86
1512189745, 22, 68, 82, 1, 0, 0.53%, 7, 0, 7, 145.08
1512189750, 22, 79, 82, 1, 0, 0.53%, 7, 0, 7, 141.69
1512189755, 23, 7, 82, 1, 0, 0.53%, 7, 0, 7, 136.60
1512189761, 23, 37, 82, 1, 0, 0.53%, 7, 0, 7, 135.79
1512189766, 23, 52, 82, 1, 0, 0.53%, 7, 0, 7, 138.65
1512189771, 23, 66, 82, 1, 0, 0.53%, 7, 0, 7, 149.62
1512189776, 24, 13, 82, 1, 0, 0.53%, 7, 0, 7, 139.74
1512189781, 24, 14, 82, 1, 0, 0.53%, 7, 0, 7, 93.09
1512190054, 24, 52, 82, 0, 0, 0.53%, 7, 0, 7, 136.28
1512190059, 24, 58, 82, 0, 0, 0.53%, 7, 0, 7, 138.36
1512190064, 24, 65, 82, 0, 0, 0.53%, 7, 0, 7, 135.65
1512190070, 24, 66, 82, 0, 0, 0.53%, 7, 0, 7, 138.96
1512190075, 24, 73, 82, 0, 0, 0.53%, 7, 0, 7, 147.42
1512190080, 24, 76, 82, 0, 0, 0.53%, 7, 0, 7, 141.35
1512190085, 25, 52, 82, 0, 0, 0.53%, 7, 0, 7, 135.07
1512190090, 25, 54, 82, 0, 0, 0.53%, 7, 0, 7, 132.21
1512190095, 25, 69, 82, 0, 0, 0.53%, 7, 0, 7, 144.84
1512190100, 25, 72, 82, 0, 0, 0.53%, 7, 0, 7, 142.23
1512190110, 26, 25, 82, 0, 0, 0.53%, 7, 0, 7, 136.89
1512190116, 26, 40, 82, 0, 0, 0.53%, 7, 0, 7, 136.10
1512190121, 26, 50, 82, 0, 0, 0.53%, 7, 0, 7, 133.84
1512190126, 26, 66, 82, 0, 0, 0.53%, 7, 0, 7, 143.36
1512190131, 27, 9, 82, 0, 0, 0.53%, 7, 0, 7, 136.45
1512190136, 27, 34, 82, 0, 0, 0.53%, 7, 0, 7, 128.42
1512190141, 27, 41, 82, 0, 0, 0.53%, 7, 0, 7, 128.95
1512190146, 27, 52, 82, 0, 0, 0.53%, 7, 0, 7, 138.87
1512190151, 27, 64, 82, 0, 0, 0.53%, 7, 0, 7, 141.07
1512190157, 27, 77, 82, 0, 0, 0.53%, 7, 0, 7, 147.52
1512190162, 28, 0, 82, 0, 0, 0.53%, 7, 0, 7, 140.70
1512190167, 28, 21, 82, 0, 0, 0.53%, 7, 0, 7, 135.75
1512190172, 28, 52, 82, 0, 0, 0.53%, 7, 0, 7, 132.88
1512190177, 28, 64, 82, 0, 0, 0.53%, 7, 0, 7, 135.95
1512190182, 28, 66, 82, 0, 0, 0.53%, 7, 0, 7, 144.91
1512190187, 29, 14, 82, 0, 0, 0.53%, 7, 0, 7, 133.89
1512190192, 29, 47, 82, 0, 0, 0.53%, 7, 0, 7, 137.37
1512190197, 29, 52, 82, 0, 0, 0.53%, 7, 0, 7, 134.75
1512190202, 29, 66, 82, 0, 0, 0.53%, 7, 0, 7, 148.07
1512190207, 30, 15, 82, 0, 0, 0.53%, 7, 0, 7, 138.48
1512190212, 30, 25, 82, 0, 0, 0.53%, 7, 0, 7, 137.72
1512190217, 30, 34, 82, 0, 0, 0.53%, 7, 0, 7, 133.16
1512190223, 30, 56, 82, 0, 0, 0.53%, 7, 0, 7, 131.66
1512190228, 30, 66, 82, 0, 0, 0.53%, 7, 0, 7, 140.96
1512190233, 31, 0, 82, 0, 0, 0.53%, 7, 0, 7, 138.86
1512190238, 31, 66, 82, 0, 0, 0.53%, 7, 0, 7, 142.78
1512190243, 31, 71, 82, 0, 0, 0.53%, 7, 0, 7, 152.03
